5
11
13
14
18
21
24
28
32
47
59
62
68
70
83
94
102
104
104
108
112
117
118
124
125
125
134
135
135
138
139
143
143
147
155
158
159
159
165
172
175
175
186
188
195
195
198
198
206
210
210
211
215
217
219
220
227
229
230
237
238
240
244
260
261
263
265
271
295
295
297
301
312
320
339
340
341
347
349
353
354
358
360
362
372
381
388
388
395
399
402
404
404
407
417
418
436
447
450
451
463
465
466
471
473
474
477
479
487
492
493
495
503
504
508
508
509
512
519
525
525
528
537
541
542
543
547
551
552
554
556
557
561
563
565
569
571
575
589
596
601
613
618
630
631
637
647
650
652
652
667
667
673
676
677
683
687
688
692
695
700
718
725
727
731
732
732
734
737
744
748
748
752
757
759
760
764
765
769
770
772
774
775
789
792
792
797
798
801
803
804
806
810
812
812
817
824
824
824
829
831
833
841
841
853
855
870
870
877
890
901
906
912
915
916
919
920
922
927
929
932
932
937
943
945
952
956
959
963
966
978
982
984
995
996
998
1001
1006
1007
1007
1018
1020
1021
1026
1029
1033
1034
1036
1038
1043
1052
1055
1056
1059
1060
1062
1066
1067
1074
1076
1079
1081
1088
1090
1097
1101
1108
1110
1111
1117
1119
1120
1122
1138
1140
1142
1147
1151
1153
1156
1158
1161
1169
1171
1174
1174
1176
1181
1182
1183
1185
1193
1201
1205
1209
1211
1212
1218
1219
1227
1229
1231
1232
1235
1242
1242
1247
1256
1259
1260
1264
1264
1265
1265
1265
1275
1281
1282
1283
1293
1295
1298
1302
1303
1303
1305
1309
1310
1310
1315
1316
1318
1319
1322
1322
1327
1328
1338
1340
1340
1346
1347
1348
1353
1354
1372
1376
1378
1380
1382
1390
1390
1395
1403
1417
1418
1419
1421
1421
1423
1426
1438
1443
1444
1449
1451
1452
1455
1457
1458
1462
1462
1463
1463
1467
1467
1470
1471
1474
1474
1474
1476
1493
1495
1498
1498
1499
1500
1502
1506
1506
1508
1511
1512
1521
1526
1535
1537
1539
1549
1551
1559
1560
1563
1571
1576
1580
1585
1585
1588
1590
1594
1603
1606
1608
1608
1609
1613
1631
1636
1639
1639
1643
1655
1655
1661
1663
1664
1668
1668
1673
1677
1678
1681
1699
1707
1710
1715
1724
1724
1729
1729
1730
1732
1740
1743
1744
1744
1745
1757
1763
1788
1791
1796
1798
1801
1806
1811
1827
1836
1837
1838
1842
1845
1846
1848
1850
1855
1858
1864
1866
1872
1880
1882
1884
1888
1895
1896
1897
1902
1914
1923
1925
1929
1935
1936
1938
1938
1939
1940
1941
1943
1944
1957
1961
1961
1969
1971
1977
1977
1986
1986
2000
2006
2008
2019
2019
2021
2023
2029
2029
2030
2031
2033
2034
2037
2040
2048
2054
2055
2060
2065
2072
2075
2078
2089
2092
2097
2097
2097
2100
2122
2126
2128
2128
2130
2136
2139
2146
2151
2151
2159
2165
2166
2168
2172
2173
2183
2183
2192
2194
2196
2202
2202
2209
2213
2246
2252
2254
2257
2257
2267
2273
2273
2273
2276
2278
2282
2291
2299
2301
2302
2303
2303
2304
2306
2324
2326
2333
2344
2347
2348
2350
2351
2352
2359
2360
2360
2361
2361
2376
2378
2382
2385
2388
2397
2397
2399
2403
2405
2411
2412
2418
2420
2422
2422
2425
2427
2431
2445
2448
2458
2468
2472
2473
2480
2484
2488
2496
2501
2518
2518
2521
2523
2527
2527
2527
2528
2528
2528
2529
2534
2538
2542
2545
2547
2563
2564
2566
2573
2581
2581
2585
2590
2597
2600
2603
2604
2606
2606
2606
2608
2612
2619
2621
2625
2631
2631
2635
2638
2640
2643
2645
2653
2654
2655
2657
2658
2664
2665
2668
2670
2672
2672
2681
2684
2687
2693
2697
2704
2709
2712
2713
2715
2724
2724
2733
2746
2747
2750
2758
2770
2779
2787
2788
2789
2798
2800
2805
2806
2811
2812
2813
2816
2816
2824
2832
2832
2839
2843
2846
2849
2850
2857
2863
2866
2866
2870
2874
2875
2876
2882
2883
2884
2886
2887
2888
2892
2897
2902
2904
2908
2913
2917
2932
2942
2942
2943
2943
2947
2949
2954
2955
2957
2961
2966
2972
2972
2973
2974
2977
2981
2984
2991
2994
3013
3017
3018
3020
3021
3024
3030
3035
3036
3039
3045
3045
3052
3066
3069
3070
3091
3091
3094
3111
3122
3123
3140
3140
3140
3141
3142
3146
3153
3157
3160
3172
3173
3176
3177
3179
3181
3182
3188
3189
3192
3196
3203
3204
3206
3206
3210
3211
3212
3213
3214
3219
3223
3223
3225
3230
3237
3249
3249
3269
3269
3277
3286
3294
3304
3310
3316
3316
3317
3318
3320
3322
3331
3336
3354
3357
3358
3358
3358
3363
3364
3365
3365
3367
3372
3373
3374
3378
3380
3398
3400
3400
3400
3411
3416
3418
3427
3437
3448
3450
3451
3455
3456
3458
3468
3470
3480
3483
3494
3496
3506
3506
3509
3515
3515
3518
3520
3523
3526
3533
3533
3535
3537
3542
3545
3551
3552
3553
3556
3560
3562
3577
3599
3602
3603
3607
3608
3612
3613
3620
3624
3627
3627
3628
3631
3637
3638
3646
3647
3660
3661
3667
3676
3676
3676
3680
3688
3689
3690
3692
3697
3698
3699
3701
3704
3705
3706
3713
3713
3714
3715
3720
3724
3725
3729
3730
3732
3733
3735
3738
3741
3742
3753
3753
3761
3769
3770
3777
3786
3804
3811
3813
3813
3816
3820
3825
3834
3834
3835
3844
3852
3853
3855
3859
3860
3861
3862
3868
3869
3871
3881
3884
3885
3888
3898
3900
3903
3903
3909
3915
3917
3918
3918
3921
3924
3924
3930
3930
3933
3936
3937
3940
3941
3945
3946
3954
3955
3961
3978
3981
4007
4008
4012
4015
4021
4021
4030
4031
4045
4048
4049
4059
4061
4072
4074
4086
4097
4101
4101
4102
4103
4103
4118
4134
4137
4142
4145
4146
4147
4157
4158
4160
4160
4167
4175
4182
4185
4200
4205
4209
4210
4213
4214
4217
4223
4225
4226
4226
4230
4233
4238
4239
4243
4249
4260
4268
4270
4272
4281
4283
4283
4284
4284
4286
4288
4291
4293
4294
4299
4302
4317
4325
4329
4335
4336
4341
4345
4346
4346
4348
4357
4360
4362
4363
4363
4364
4366
4372
4377
4378
4380
4383
4386
4389
4392
4392
4396
4396
4402
4406
4410
4414
4417
4432
4433
4435
4437
4437
4441
4442
4443
4446
4448
4450
4456
4460
4462
4462
4467
4474
4476
4478
4482
4491
4492
4496
4500
4502
4503
4503
4509
4511
4516
4518
4530
4539
4543
4544
4548
4549
4556
4561
4562
4563
4567
4571
4588
4590
4590
4593
4609
4611
4620
4625
4633
4635
4637
4640
4641
4643
4643
4646
4648
4653
4654
4655
4665
4666
4669
4670
4670
4671
4686
4690
4701
4703
4703
4713
4717
4718
4718
4721
4724
4734
4738
4744
4744
4745
4752
4758
4766
4773
4773
4773
4778
4783
4784
4786
4791
4791
4794
4803
4805
4807
4807
4826
4827
4833
4835
4843
4844
4846
4847
4853
4854
4858
4858
4875
4883
4894
4904
4906
4909
4911
4912
4914
4918
4921
4921
4924
4928
4933
4938
4940
4944
4952
4955
4959
4962
4966
4973
4988
4990
4991
4993
4994
5002
5004
5005
5010
5015
5018
5021
5023
5024
5029
5030
5032
5032
5036
5037
5053
5053
5058
5061
5066
5069
5071
5076
5077
5078
5078
5079
5079
5083
5090
5091
5096
5100
5102
5105
5112
5116
5120
5121
5125
5134
5139
5140
5142
5143
5153
5157
5157
5158
5164
5174
5174
5176
5177
5193
5199
5206
5207
5209
5209
5211
5215
5219
5229
5232
5233
5235
5236
5237
5241
5244
5252
5255
5256
5261
5265
5268
5268
5274
5281
5285
5289
5291
5294
5297
5299
5302
5309
5326
5327
5329
5331
5343
5345
5347
5351
5354
5370
5372
5374
5375
5377
5379
5384
5386
5392
5392
5393
5398
5400
5403
5403
5404
5411
5413
5415
5424
5433
5435
5436
5436
5436
5439
5440
5444
5449
5452
5453
5467
5470
5473
5476
5478
5479
5484
5484
5495
5496
5500
5500
5500
5507
5508
5508
5514
5514
5537
5540
5544
5546
5546
5549
5550
5555
5555
5565
5566
5570
5570
5571
5572
5576
5576
5576
5578
5578
5579
5584
5584
5588
5604
5611
5612
5616
5619
5620
5630
5633
5634
5635
5638
5639
5642
5650
5655
5666
5669
5675
5689
5694
5699
5700
5704
5709
5711
5717
5720
5735
5736
5741
5747
5748
5748
5749
5753
5753
5755
5768
5773
5779
5781
5786
5799
5804
5804
5806
5822
5822
5827
5827
5837
5839
5841
5843
5844
5864
5867
5868
5870
5873
5874
5884
5886
5891
5893
5901
5908
5910
5912
5913
5924
5925
5929
5929
5929
5931
5932
5934
5936
5941
5946
5954
5955
5959
5972
5977
5984
5996
5999
6007
6011
6015
6017
6018
6022
6023
6026
6027
6030
6032
6033
6034
6039
6039
6042
6047
6047
6051
6056
6061
6066
6073
6076
6077
6103
6107
6111
6111
6114
6115
6120
6122
6126
6126
6126
6130
6136
6142
6145
6145
6154
6162
6177
6188
6190
6192
6195
6200
6207
6216
6245
6245
6252
6259
6264
6266
6268
6273
6273
6275
6278
6287
6289
6292
6293
6294
6295
6299
6304
6305
6305
6306
6312
6318
6320
6322
6324
6325
6337
6344
6345
6351
6354
6372
6373
6376
6377
6378
6380
6381
6385
6388
6389
6397
6400
6407
6409
6415
6416
6432
6434
6438
6440
6444
6448
6449
6450
6451
6451
6461
6469
6469
6471
6477
6482
6490
6496
6507
6511
6514
6516
6521
6527
6528
6540
6547
6554
6560
6563
6565
6566
6570
6582
6590
6593
6613
6614
6617
6617
6622
6622
6631
6637
6640
6642
6647
6651
6658
6662
6665
6668
6668
6673
6674
6677
6679
6680
6687
6688
6691
6697
6698
6699
6702
6710
6716
6716
6728
6734
6735
6739
6741
6746
6753
6753
6756
6764
6769
6771
6775
6777
6788
6792
6796
6796
6805
6807
6813
6816
6819
6824
6825
6827
6829
6832
6842
6843
6846
6851
6853
6854
6856
6857
6865
6873
6876
6878
6880
6884
6886
6893
6897
6900
6903
6904
6907
6909
6914
6915
6928
6931
6938
6940
6943
6944
6951
6956
6956
6962
6963
6966
6973
6983
6998
7003
7006
7008
7011
7014
7028
7028
7029
7035
7037
7039
7053
7055
7060
7063
7068
7069
7070
7078
7078
7079
7082
7083
7084
7093
7093
7097
7097
7099
7104
7109
7116
7119
7131
7139
7139
7140
7142
7146
7146
7151
7157
7168
7172
7177
7178
7179
7179
7181
7199
7200
7205
7209
7219
7231
7235
7236
7236
7238
7242
7256
7260
7266
7274
7284
7301
7309
7313
7314
7314
7316
7321
7323
7323
7333
7352
7357
7366
7374
7377
7387
7387
7389
7396
7400
7401
7412
7412
7413
7414
7417
7421
7423
7425
7437
7438
7450
7453
7456
7456
7458
7466
7481
7488
7488
7491
7497
7498
7499
7501
7502
7513
7515
7517
7518
7521
7523
7524
7535
7546
7548
7549
7554
7561
7565
7568
7568
7571
7583
7588
7588
7590
7592
7598
7599
7600
7610
7611
7622
7624
7627
7631
7633
7635
7637
7640
7642
7644
7646
7650
7651
7661
7661
7669
7673
7676
7686
7693
7702
7707
7709
7711
7713
7720
7723
7726
7730
7733
7737
7739
7740
7740
7741
7741
7742
7745
7747
7750
7751
7756
7757
7765
7768
7772
7774
7774
7791
7793
7797
7799
7806
7807
7808
7808
7809
7820
7823
7830
7833
7844
7852
7862
7863
7864
7865
7875
7876
7879
7879
7879
7885
7888
7896
7897
7902
7914
7917
7919
7919
7922
7924
7926
7938
7942
7951
7954
7955
7963
7966
7970
7981
7984
7986
7987
7999
8001
8004
8005
8007
8009
8010
8011
8012
8012
8015
8020
8025
8031
8039
8039
8041
8046
8057
8059
8061
8063
8076
8081
8086
8097
8098
8106
8108
8109
8117
8125
8128
8130
8131
8135
8138
8144
8145
8155
8155
8175
8176
8177
8179
8186
8189
8191
8193
8193
8210
8211
8212
8217
8229
8231
8233
8235
8237
8241
8243
8249
8252
8255
8265
8270
8273
8274
8274
8275
8296
8305
8307
8307
8318
8320
8322
8331
8334
8337
8340
8346
8347
8349
8351
8351
8353
8358
8359
8359
8359
8363
8367
8372
8375
8381
8397
8398
8402
8412
8414
8419
8419
8421
8421
8425
8426
8428
8433
8434
8434
8440
8451
8451
8457
8472
8473
8475
8477
8477
8482
8482
8491
8493
8494
8494
8496
8497
8503
8504
8505
8510
8513
8527
8529
8531
8537
8538
8543
8547
8557
8559
8568
8569
8590
8597
8601
8607
8608
8613
8613
8615
8621
8622
8623
8626
8633
8636
8639
8647
8648
8657
8660
8664
8665
8666
8669
8671
8673
8675
8677
8680
8681
8681
8684
8684
8687
8689
8697
8697
8712
8713
8714
8722
8726
8727
8728
8730
8736
8738
8739
8744
8744
8745
8749
8752
8753
8755
8757
8767
8768
8774
8775
8781
8783
8784
8801
8801
8805
8810
8814
8818
8823
8827
8828
8836
8846
8847
8856
8859
8861
8862
8863
8869
8870
8875
8880
8883
8886
8888
8892
8893
8894
8897
8901
8908
8910
8911
8912
8927
8930
8934
8934
8941
8943
8948
8957
8958
8959
8966
8971
8972
8985
8987
8989
8991
8994
8995
8998
9006
9014
9016
9017
9020
9021
9022
9031
9040
9056
9061
9064
9065
9066
9070
9072
9078
9078
9081
9082
9083
9085
9085
9086
9086
9086
9093
9097
9112
9112
9114
9125
9131
9136
9140
9140
9143
9145
9145
9147
9156
9159
9159
9163
9169
9171
9172
9172
9173
9174
9175
9184
9186
9187
9187
9189
9196
9197
9207
9207
9208
9209
9210
9212
9219
9220
9230
9245
9246
9250
9255
9261
9261
9262
9266
9267
9267
9272
9274
9286
9292
9302
9303
9304
9319
9319
9324
9326
9335
9342
9345
9348
9349
9349
9351
9351
9355
9369
9369
9371
9373
9373
9380
9387
9389
9396
9397
9413
9424
9424
9431
9433
9436
9437
9446
9448
9452
9454
9462
9466
9467
9467
9467
9471
9475
9476
9479
9483
9483
9486
9489
9493
9495
9497
9500
9501
9508
9508
9521
9524
9528
9528
9539
9543
9552
9552
9558
9567
9583
9595
9596
9610
9614
9617
9619
9621
9621
9622
9623
9627
9629
9631
9634
9636
9646
9655
9667
9673
9679
9691
9697
9698
9698
9698
9703
9709
9719
9721
9722
9725
9729
9730
9733
9735
9737
9737
9738
9740
9741
9748
9751
9754
9762
9762
9772
9772
9772
9774
9789
9791
9796
9801
9803
9807
9814
9814
9816
9817
9820
9825
9836
9842
9843
9845
9845
9849
9849
9852
9866
9867
9880
9894
9898
9899
9900
9902
9908
9913
9915
9922
9927
9929
9932
9935
9941
9944
9947
9948
9950
9958
9959
9966
9968
9970
9971
9977
9985
9987
9988
9995
9996
9998
10007
10010
10018
10027
10030
10030
10031
10035
10038
10040
10043
10046
10049
10051
10052
10055
10061
10062
10075
10077
10079
10079
10084
10089
10097
10100
10103
10105
10110
10117
10118
10120
10120
10127
10128
10132
10133
10136
10137
10141
10144
10145
10145
10145
10152
10154
10164
10165
10172
10177
10183
10188
10192
10196
10196
10199
10199
10203
10204
10205
10207
10212
10218
10218
10227
10231
10232
10236
10239
10240
10241
10243
10245
10246
10247
10252
10255
10256
10263
10267
10271
10277
10277
10281
10281
10284
10294
10297
10301
10302
10304
10307
10312
10320
10320
10321
10324
10325
10327
10331
10333
10338
10338
10339
10344
10349
10355
10357
10367
10367
10367
10372
10380
10383
10386
10402
10404
10409
10415
10433
10435
10441
10443
10448
10450
10450
10451
10474
10485
10485
10487
10488
10497
10500
10501
10503
10504
10507
10509
10516
10518
10519
10524
10529
10541
10546
10548
10550
10559
10560
10564
10565
10567
10569
10569
10575
10576
10577
10579
10591
10596
10597
10602
10602
10604
10609
10615
10615
10629
10639
10640
10648
10650
10651
10651
10652
10653
10655
10664
10665
10668
10672
10677
10678
10681
10685
10694
10704
10707
10707
10714
10721
10722
10725
10725
10727
10729
10731
10732
10733
10737
10737
10739
10743
10750
10765
10765
10767
10767
10770
10776
10782
10791
10793
10795
10800
10806
10806
10810
10811
10822
10823
10825
10829
10839
10840
10843
10851
10864
10868
10869
10870
10871
10874
10876
10881
10886
10888
10889
10896
10897
10902
10903
10908
10915
10917
10924
10928
10932
10933
10936
10941
10942
10945
10949
10950
10954
10956
10958
10967
10969
10975
10978
10978
10981
10984
10994
10995
10997
11002
11002
11003
11005
11016
11021
11023
11023
11032
11032
11040
11040
11042
11055
11068
11076
11077
11079
11085
11097
11098
11099
11105
11105
11108
11116
11124
11132
11147
11153
11153
11153
11168
11170
11171
11177
11178
11187
11192
11194
11198
11205
11208
11212
11214
11215
11218
11218
11222
11222
11222
11224
11228
11232
11235
11236
11241
11241
11241
11247
11250
11252
11253
11257
11264
11270
11275
11296
11308
11309
11312
11314
11315
11327
11328
11334
11334
11335
11335
11340
11340
11351
11352
11353
11355
11357
11360
11362
11365
11365
11367
11373
11383
11389
11403
11404
11406
11407
11407
11410
11412
11415
11418
11423
11426
11427
11428
11431
11435
11443
11445
11452
11456
11457
11461
11465
11467
11471
11471
11472
11476
11477
11483
11491
11493
11494
11502
11508
11512
11513
11516
11517
11530
11531
11533
11558
11567
11579
11586
11591
11595
11598
11599
11604
11615
11618
11619
11625
11631
11634
11637
11637
11639
11643
11644
11647
11648
11664
11664
11669
11677
11683
11683
11689
11696
11698
11701
11704
11706
11707
11709
11716
11717
11718
11720
11723
11724
11732
11735
11744
11745
11747
11751
11751
11752
11771
11785
11785
11791
11801
11802
11802
11803
11806
11809
11816
11817
11829
11837
11842
11846
11854
11860
11862
11867
11869
11874
11878
11879
11883
11884
11885
11893
11902
11905
11911
11917
11920
11921
11932
11932
11933
11935
11942
11944
11944
11948
11951
11955
11962
11967
11969
11979
11984
11986
11992
11992
11993
11996
12002
12006
12009
12011
12013
12015
12017
12020
12029
12031
12034
12035
12037
12038
12038
12039
12041
12047
12052
12054
12055
12056
12058
12064
12065
12068
12071
12073
12087
12094
12095
12099
12100
12100
12103
12103
12112
12113
12120
12125
12126
12128
12156
12168
12169
12172
12182
12184
12190
12196
12204
12210
12219
12223
12231
12231
12236
12242
12253
12263
12272
12281
12282
12282
12283
12286
12295
12304
12310
12311
12314
12317
12321
12323
12323
12327
12341
12344
12349
12355
12358
12366
12370
12370
12372
12372
12377
12378
12384
12385
12385
12386
12388
12390
12391
12392
12397
12399
12406
12406
12408
12411
12422
12428
12429
12439
12443
12446
12450
12453
12458
12458
12464
12464
12465
12469
12471
12471
12473
12478
12482
12483
12487
12488
12497
12498
12500
12504
12507
12520
12525
12527
12534
12537
12542
12542
12550
12550
12551
12555
12556
12557
12558
12566
12568
12571
12574
12576
12581
12582
12587
12588
12595
12618
12619
12622
12631
12631
12638
12640
12643
12645
12645
12646
12646
12647
12652
12652
12680
12689
12692
12694
12696
12700
12718
12719
12719
12720
12721
12727
12729
12730
12733
12736
12736
12737
12739
12742
12748
12750
12754
12755
12761
12762
12766
12767
12777
12778
12779
12781
12782
12796
12800
12803
12803
12809
12816
12819
12821
12821
12828
12828
12832
12840
12846
12850
12856
12866
12868
12882
12883
12891
12892
12897
12901
12902
12903
12904
12911
12913
12928
12928
12932
12936
12941
12947
12948
12954
12955
12958
12960
12960
12963
12964
12964
12969
12971
12973
12974
12977
12977
12983
12989
12993
12995
12998
13006
13008
13021
13026
13027
13030
13040
13046
13053
13065
13069
13072
13073
13075
13075
13077
13105
13110
13118
13122
13124
13125
13128
13129
13141
13142
13142
13143
13144
13152
13161
13168
13170
13171
13173
13174
13174
13177
13178
13180
13181
13186
13188
13189
13200
13207
13208
13208
13224
13233
13233
13240
13247
13248
13248
13250
13260
13265
13267
13274
13279
13281
13282
13283
13283
13286
13287
13287
13288
13292
13293
13299
13311
13312
13319
13320
13321
13325
13325
13326
13328
13331
13337
13340
13353
13357
13366
13369
13370
13376
13377
13378
13379
13379
13388
13389
13390
13391
13402
13408
13431
13436
13438
13439
13444
13450
13451
13454
13454
13457
13457
13459
13461
13464
13469
13470
13470
13478
13485
13490
13491
13493
13494
13496
13499
13505
13510
13517
13522
13523
13527
13528
13530
13535
13536
13537
13540
13552
13555
13562
13566
13567
13570
13587
13587
13597
13600
13602
13611
13611
13617
13627
13628
13653
13656
13659
13660
13663
13664
13668
13668
13676
13676
13678
13683
13684
13685
13686
13690
13692
13692
13697
13697
13700
13702
13709
13710
13711
13719
13727
13731
13738
13741
13746
13747
13763
13763
13766
13766
13766
13770
13776
13778
13779
13780
13791
13804
13804
13804
13812
13814
13814
13816
13816
13823
13825
13838
13842
13845
13853
13854
13859
13863
13865
13876
13880
13883
13887
13890
13902
13905
13909
13909
13910
13910
13912
13915
13917
13926
13931
13938
13941
13943
13945
13948
13951
13952
13958
13972
13976
13977
13978
13990
13996
13999
14000
14001
14005
14014
14021
14022
14025
14025
14028
14031
14032
14044
14044
14052
14058
14067
14068
14071
14074
14075
14077
14081
14083
14084
14091
14102
14111
14112
14114
14114
14115
14119
14125
14130
14133
14135
14135
14158
14166
14193
14196
14198
14202
14205
14206
14209
14209
14210
14223
14240
14255
14256
14256
14262
14265
14267
14269
14272
14274
14274
14276
14296
14309
14315
14316
14324
14329
14329
14333
14339
14344
14350
14355
14355
14357
14357
14368
14377
14380
14405
14410
14412
14412
14416
14419
14428
14430
14435
14441
14452
14456
14464
14468
14469
14474
14476
14478
14482
14482
14487
14490
14493
14495
14499
14505
14510
14510
14511
14514
14524
14529
14532
14537
14543
14546
14550
14555
14557
14558
14579
14591
14602
14616
14622
14624
14633
14640
14646
14646
14654
14654
14655
14663
14663
14666
14670
14684
14684
14684
14685
14685
14700
14702
14706
14718
14744
14746
14749
14751
14758
14758
14762
14764
14769
14776
14777
14779
14782
14785
14793
14793
14796
14796
14801
14802
14803
14811
14820
14824
14844
14846
14860
14872
14876
14881
14885
14888
14893
14904
14909
14910
14910
14913
14914
14917
14921
14922
14924
14932
14939
14943
14952
14959
14959
14959
14966
14966
14972
14977
14978
14984
14984
14986
14987
14992
14995
14997
15002
15006
15011
15013
15013
15014
15020
15030
15034
15051
15052
15055
15061
15065
15067
15071
15073
15077
15079
15092
15097
15104
15109
15118
15119
15120
15124
15128
15141
15142
15146
15149
15151
15152
15164
15164
15170
15177
15186
15187
15189
15194
15194
15197
15202
15203
15203
15216
15219
15219
15226
15231
15235
15236
15237
15239
15242
15252
15262
15265
15268
15274
15276
15276
15283
15284
15291
15296
15300
15317
15320
15321
15322
15325
15326
15334
15336
15340
15347
15349
15349
15350
15354
15359
15361
15367
15369
15370
15371
15371
15375
15380
15383
15394
15396
15397
15403
15405
15422
15433
15435
15437
15440
15452
15458
15470
15476
15477
15479
15485
15486
15490
15492
15494
15495
15499
15500
15501
15504
15508
15511
15513
15524
15531
15532
15536
15540
15541
15541
15547
15548
15552
15557
15561
15565
15568
15571
15573
15578
15607
15609
15617
15624
15624
15625
15633
15634
15642
15649
15650
15656
15663
15664
15668
15671
15678
15680
15681
15681
15686
15689
15689
15694
15695
15699
15715
15732
15737
15740
15749
15751
15757
15764
15768
15769
15775
15777
15777
15783
15784
15789
15793
15799
15801
15801
15813
15827
15839
15841
15844
15844
15846
15852
15855
15866
15871
15877
15881
15888
15893
15894
15896
15907
15910
15910
15911
15912
15923
15924
15924
15943
15956
15964
15971
15976
15976
15978
15980
15980
15994
15998
16003
16011
16011
16013
16018
16018
16023
16023
16027
16028
16028
16029
16031
16034
16038
16038
16040
16063
16066
16081
16082
16088
16091
16091
16091
16099
16104
16105
16105
16111
16112
16125
16131
16131
16133
16133
16140
16153
16154
16155
16162
16163
16168
16175
16175
16177
16181
16186
16199
16202
16204
16204
16218
16219
16229
16230
16231
16232
16236
16240
16248
16250
16256
16264
16276
16279
16289
16295
16296
16302
16304
16307
16309
16310
16313
16313
16316
16321
16321
16328
16330
16332
16334
16336
16337
16339
16347
16348
16349
16351
16360
16361
16364
16367
16368
16369
16371
16388
16390
16398
16399
16399
16401
16404
16404
16410
16417
16418
16419
16420
16426
16429
16435
16437
16440
16440
16445
16447
16455
16457
16461
16463
16474
16475
16483
16487
16488
16489
16500
16503
16504
16505
16507
16511
16515
16521
16534
16534
16540
16547
16554
16556
16558
16568
16573
16578
16578
16581
16585
16586
16591
16593
16598
16599
16601
16602
16604
16611
16614
16622
16625
16629
16630
16636
16636
16644
16651
16659
16663
16665
16665
16668
16672
16675
16675
16676
16680
16681
16682
16685
16689
16692
16696
16697
16713
16714
16715
16716
16717
16723
16729
16732
16737
16740
16750
16752
16752
16753
16754
16764
16764
16768
16772
16774
16785
16787
16789
16792
16796
16806
16808
16814
16817
16825
16831
16838
16840
16845
16849
16854
16858
16862
16866
16876
16878
16882
16887
16890
16890
16892
16892
16904
16913
16917
16919
16920
16926
16927
16928
16935
16941
16943
16954
16954
16956
16962
16964
16968
16971
16979
16981
16986
16991
16992
16995
16996
16998
17000
17001
17008
17009
17011
17011
17014
17014
17017
17021
17028
17037
17041
17049
17050
17054
17061
17061
17062
17067
17069
17071
17072
17077
17077
17082
17087
17093
17097
17100
17101
17101
17101
17103
17104
17107
17114
17118
17126
17129
17140
17145
17169
17173
17176
17179
17180
17180
17184
17192
17193
17196
17200
17203
17208
17209
17213
17214
17216
17216
17221
17228
17232
17238
17249
17253
17262
17262
17275
17279
17280
17282
17286
17291
17298
17308
17310
17310
17324
17327
17328
17343
17345
17352
17353
17358
17359
17360
17365
17375
17386
17392
17394
17401
17403
17403
17403
17404
17407
17412
17415
17417
17420
17432
17445
17448
17453
17459
17461
17471
17491
17502
17504
17507
17510
17512
17514
17518
17527
17529
17532
17532
17541
17541
17544
17549
17549
17551
17555
17557
17559
17565
17567
17568
17571
17572
17582
17582
17584
17584
17593
17601
17607
17621
17621
17626
17627
17632
17634
17636
17638
17641
17642
17647
17650
17654
17655
17655
17661
17670
17675
17689
17690
17692
17697
17711
17712
17714
17717
17718
17721
17721
17727
17739
17739
17742
17743
17745
17757
17773
17777
17788
17790
17804
17806
17808
17811
17815
17816
17816
17817
17818
17822
17835
17837
17840
17845
17846
17856
17856
17863
17866
17869
17874
17880
17881
17882
17883
17886
17886
17886
17898
17901
17902
17902
17906
17907
17908
17909
17910
17914
17916
17918
17920
17926
17928
17928
17931
17940
17945
17948
17948
17954
17958
17963
17964
17968
17972
17973
17977
17980
17988
17990
17993
17995
18005
18014
18014
18021
18028
18046
18048
18057
18064
18073
18075
18079
18086
18090
18092
18098
18098
18103
18115
18115
18125
18129
18131
18133
18134
18135
18140
18149
18167
18175
18178
18184
18203
18209
18211
18212
18212
18215
18223
18226
18226
18232
18234
18235
18246
18248
18251
18255
18256
18263
18264
18266
18267
18280
18281
18283
18290
18290
18291
18292
18294
18301
18301
18310
18313
18315
18317
18324
18326
18330
18332
18355
18362
18365
18370
18370
18377
18380
18385
18391
18410
18416
18417
18418
18428
18428
18429
18432
18436
18448
18452
18455
18456
18461
18466
18466
18480
18481
18483
18492
18495
18499
18507
18509
18515
18515
18520
18522
18523
18526
18528
18531
18532
18534
18535
18535
18535
18535
18540
18540
18546
18548
18549
18552
18556
18556
18563
18574
18576
18576
18577
18586
18587
18588
18588
18602
18602
18605
18606
18620
18627
18632
18634
18639
18643
18646
18654
18661
18668
18670
18679
18682
18688
18700
18703
18707
18707
18712
18720
18734
18735
18738
18739
18746
18759
18759
18763
18770
18770
18777
18788
18792
18796
18805
18815
18817
18818
18820
18828
18828
18829
18830
18831
18832
18839
18840
18844
18844
18847
18848
18871
18874
18877
18883
18885
18887
18894
18903
18903
18906
18915
18917
18918
18919
18922
18929
18932
18937
18937
18945
18951
18953
18956
18956
18958
18962
18964
18972
18981
18982
18984
18987
18988
18993
18994
18994
18998
19007
19007
19012
19031
19031
19038
19041
19046
19048
19056
19063
19064
19071
19075
19080
19083
19085
19090
19091
19092
19094
19095
19095
19103
19109
19118
19123
19129
19148
19154
19162
19166
19167
19178
19181
19182
19188
19188
19191
19194
19194
19202
19204
19207
19213
19214
19217
19222
19226
19226
19226
19227
19229
19234
19236
19243
19245
19251
19251
19255
19259
19262
19269
19278
19278
19282
19285
19287
19288
19293
19293
19307
19309
19317
19319
19331
19334
19341
19343
19347
19349
19350
19351
19355
19357
19373
19374
19377
19378
19382
19391
19395
19396
19399
19402
19412
19417
19420
19427
19428
19430
19432
19444
19445
19449
19453
19453
19457
19460
19463
19464
19476
19476
19478
19484
19488
19489
19492
19494
19500
19504
19516
19520
19521
19524
19524
19526
19527
19528
19530
19534
19536
19537
19547
19550
19557
19559
19560
19564
19569
19586
19588
19599
19603
19608
19609
19611
19612
19614
19621
19622
19624
19625
19630
19643
19663
19666
19668
19679
19685
19686
19694
19698
19699
19700
19713
19715
19719
19722
19724
19727
19728
19730
19732
19740
19740
19750
19755
19757
19760
19761
19765
19772
19772
19775
19775
19778
19794
19802
19808
19810
19814
19825
19826
19830
19838
19839
19839
19839
19846
19848
19853
19854
19855
19861
19864
19867
19870
19874
19874
19876
19898
19898
19902
19903
19904
19909
19918
19921
19924
19927
19928
19938
19941
19941
19942
19955
19956
19957
19960
19962
19965
19986
19996
19996
20001
20006
20016
20017
20019
20029
20030
20032
20032
20035
20036
20037
20042
20046
20049
20060
20063
20064
20065
20067
20068
20068
20074
20074
20075
20076
20081
20087
20094
20095
20113
20115
20122
20124
20126
20131
20139
20142
20149
20153
20155
20156
20158
20162
20165
20166
20166
20172
20184
20186
20196
20198
20201
20215
20217
20218
20218
20219
20222
20223
20241
20246
20253
20260
20262
20264
20274
20275
20276
20278
20285
20286
20291
20291
20293
20297
20297
20298
20298
20300
20303
20304
20304
20306
20308
20310
20311
20313
20314
20316
20320
20328
20332
20335
20336
20338
20339
20348
20348
20350
20351
20360
20361
20363
20365
20366
20370
20375
20380
20386
20390
20395
20400
20410
20415
20415
20423
20423
20428
20428
20431
20436
20440
20441
20443
20450
20464
20468
20469
20480
20482
20482
20488
20488
20492
20494
20495
20501
20505
20509
20517
20518
20528
20528
20531
20535
20543
20543
20544
20546
20547
20549
20555
20558
20563
20563
20566
20568
20577
20578
20579
20582
20583
20584
20584
20584
20585
20585
20588
20600
20601
20602
20604
20605
20607
20608
20608
20614
20621
20629
20630
20635
20636
20637
20637
20639
20642
20646
20653
20655
20660
20669
20673
20676
20676
20678
20679
20685
20689
20694
20699
20711
20711
20716
20721
20722
20726
20729
20731
20734
20734
20740
20741
20746
20749
20753
20753
20754
20762
20762
20771
20774
20777
20789
20790
20816
20825
20826
20829
20836
20840
20842
20852
20854
20855
20855
20862
20862
20868
20885
20889
20890
20897
20904
20905
20905
20914
20919
20939
20951
20954
20954
20956
20967
20967
20968
20978
20982
20990
20999
21006
21013
21014
21016
21016
21020
21020
21026
21030
21030
21045
21052
21054
21055
21056
21056
21058
21063
21064
21065
21068
21071
21075
21087
21094
21095
21096
21096
21096
21098
21098
21101
21103
21106
21108
21111
21112
21114
21118
21118
21130
21134
21135
21141
21145
21145
21146
21147
21152
21158
21166
21174
21178
21182
21188
21193
21196
21199
21199
21201
21201
21203
21215
21217
21218
21219
21221
21232
21238
21241
21258
21260
21262
21263
21266
21269
21273
21278
21278
21278
21282
21289
21301
21303
21304
21306
21309
21311
21322
21331
21332
21338
21341
21342
21343
21347
21348
21351
21357
21359
21368
21369
21373
21384
21384
21391
21393
21396
21396
21398
21399
21406
21416
21417
21418
21426
21429
21433
21436
21446
21447
21462
21472
21476
21493
21494
21498
21503
21505
21509
21512
21513
21513
21517
21519
21519
21525
21529
21535
21536
21538
21549
21549
21549
21551
21563
21570
21582
21586
21591
21595
21599
21601
21602
21605
21606
21609
21610
21620
21621
21624
21626
21631
21635
21646
21650
21651
21651
21657
21663
21664
21667
21670
21682
21683
21683
21688
21692
21700
21702
21703
21708
21709
21718
21719
21732
21733
21737
21744
21747
21763
21766
21767
21768
21774
21775
21779
21783
21788
21788
21793
21798
21798
21803
21807
21815
21819
21826
21829
21829
21834
21839
21841
21842
21843
21846
21851
21858
21860
21863
21867
21868
21869
21872
21875
21878
21881
21893
21895
21896
21897
21902
21904
21907
21909
21916
21919
21926
21929
21929
21934
21935
21945
21946
21946
21946
21949
21958
21959
21960
21960
21966
21967
21969
21972
21978
21980
21981
21989
21994
21996
22008
22010
22010
22011
22012
22016
22024
22044
22050
22052
22056
22067
22079
22079
22091
22101
22103
22103
22103
22107
22109
22113
22117
22119
22123
22123
22129
22147
22148
22152
22159
22161
22165
22167
22170
22173
22174
22177
22177
22177
22180
22180
22187
22187
22188
22190
22191
22191
22194
22200
22202
22203
22214
22217
22218
22233
22237
22239
22246
22247
22250
22253
22254
22260
22262
22267
22270
22270
22270
22272
22273
22273
22274
22277
22283
22283
22285
22289
22291
22292
22295
22296
22298
22305
22306
22318
22325
22325
22325
22332
22339
22344
22346
22348
22352
22354
22354
22355
22358
22359
22362
22363
22366
22366
22369
22373
22373
22395
22400
22407
22408
22408
22409
22414
22417
22417
22419
22431
22435
22436
22441
22444
22447
22450
22460
22464
22467
22469
22480
22482
22485
22486
22488
22502
22504
22507
22508
22521
22522
22522
22524
22529
22530
22530
22530
22530
22543
22545
22549
22552
22555
22556
22560
22566
22574
22578
22584
22604
22605
22617
22627
22628
22628
22644
22648
22650
22652
22674
22675
22683
22699
22699
22702
22703
22710
22712
22717
22717
22717
22723
22733
22749
22752
22760
22764
22765
22766
22770
22771
22771
22775
22790
22795
22795
22798
22798
22802
22803
22804
22807
22817
22818
22819
22826
22831
22841
22843
22847
22849
22854
22856
22860
22862
22863
22865
22868
22870
22870
22870
22875
22879
22881
22886
22888
22903
22907
22910
22914
22915
22918
22919
22924
22925
22931
22931
22935
22936
22937
22937
22937
22953
22958
22965
22967
22970
22973
22981
22984
22986
22987
22990
22994
22999
23001
23004
23008
23008
23010
23012
23017
23017
23019
23026
23030
23034
23034
23039
23039
23048
23057
23061
23063
23066
23067
23068
23069
23071
23073
23080
23081
23082
23083
23087
23093
23094
23095
23096
23102
23103
23111
23113
23119
23119
23123
23124
23127
23130
23131
23131
23133
23139
23140
23142
23145
23148
23153
23156
23161
23164
23164
23177
23186
23187
23189
23193
23193
23195
23195
23202
23202
23206
23209
23213
23213
23217
23226
23231
23231
23232
23236
23238
23244
23250
23257
23263
23264
23270
23273
23278
23279
23283
23287
23293
23296
23296
23297
23303
23305
23308
23313
23315
23317
23323
23325
23325
23326
23330
23332
23335
23336
23357
23357
23358
23358
23358
23361
23370
23374
23375
23384
23385
23390
23391
23396
23405
23408
23408
23409
23410
23424
23429
23430
23434
23434
23440
23448
23449
23450
23451
23454
23457
23468
23469
23471
23477
23498
23505
23510
23510
23511
23517
23520
23520
23521
23523
23524
23531
23533
23537
23544
23544
23556
23556
23556
23565
23567
23569
23569
23571
23578
23590
23600
23615
23616
23632
23637
23639
23640
23656
23661
23662
23663
23664
23665
23672
23693
23699
23699
23705
23706
23723
23723
23726
23730
23730
23730
23733
23738
23750
23751
23762
23766
23769
23775
23779
23780
23781
23784
23794
23804
23814
23816
23819
23822
23822
23827
23830
23835
23839
23841
23871
23873
23876
23878
23879
23899
23905
23914
23918
23922
23924
23927
23934
23934
23937
23939
23944
23944
23944
23946
23947
23950
23955
23956
23963
23964
23966
23966
23967
23972
23978
23982
23985
23986
23991
23992
24000
24006
24007
24009
24015
24034
24052
24056
24060
24063
24065
24076
24080
24084
24085
24093
24096
24104
24110
24112
24114
24120
24127
24132
24134
24136
24138
24142
24145
24167
24167
24171
24173
24177
24181
24184
24185
24197
24206
24210
24212
24220
24228
24232
24233
24239
24240
24240
24241
24243
24245
24245
24249
24259
24260
24261
24275
24279
24288
24289
24291
24298
24316
24323
24334
24340
24342
24346
24348
24361
24366
24371
24372
24384
24389
24389
24392
24392
24396
24401
24406
24406
24408
24411
24414
24421
24424
24427
24428
24441
24450
24451
24463
24467
24469
24470
24471
24473
24476
24478
24481
24485
24486
24488
24502
24504
24517
24518
24520
24521
24524
24529
24529
24530
24531
24532
24532
24535
24536
24540
24543
24544
24545
24552
24557
24558
24561
24569
24569
24576
24580
24582
24584
24587
24587
24593
24595
24598
24603
24605
24605
24605
24611
24617
24624
24633
24635
24635
24639
24641
24643
24646
24649
24650
24654
24658
24668
24670
24672
24674
24676
24678
24682
24685
24688
24689
24690
24696
24704
24716
24728
24732
24735
24739
24751
24756
24757
24759
24762
24762
24767
24774
24774
24778
24782
24785
24791
24792
24796
24805
24805
24823
24824
24827
24848
24860
24864
24865
24870
24875
24879
24886
24887
24893
24901
24902
24903
24904
24910
24912
24914
24916
24918
24918
24922
24929
24936
24936
24939
24942
24949
24951
24953
24956
24957
24966
24969
24971
24977
24983
24994
24996
25008
25008
25009
25012
25016
25016
25017
25017
25017
25017
25023
25036
25041
25042
25047
25048
25054
25058
25071
25072
25076
25077
25082
25085
25088
25089
25091
25096
25097
25104
25110
25121
25123
25132
25134
25136
25137
25137
25147
25148
25151
25155
25158
25158
25166
25166
25169
25169
25169
25171
25177
25183
25185
25187
25188
25199
25201
25202
25202
25204
25206
25206
25209
25209
25212
25215
25226
25230
25232
25234
25235
25238
25251
25253
25258
25260
25264
25264
25270
25278
25281
25290
25291
25292
25299
25303
25304
25309
25310
25311
25317
25317
25319
25320
25321
25322
25326
25328
25331
25342
25350
25350
25352
25354
25355
25361
25362
25369
25375
25389
25394
25395
25395
25399
25399
25400
25400
25407
25409
25412
25414
25418
25419
25426
25428
25432
25435
25438
25444
25448
25453
25460
25464
25465
25466
25471
25478
25480
25484
25486
25487
25487
25496
25500
25503
25506
25506
25515
25521
25524
25531
25536
25541
25541
25542
25543
25549
25551
25561
25563
25566
25567
25569
25571
25571
25573
25591
25592
25593
25602
25604
25604
25609
25618
25618
25624
25630
25633
25634
25635
25636
25643
25645
25648
25654
25657
25662
25667
25672
25672
25674
25676
25676
25679
25681
25681
25690
25692
25699
25710
25712
25719
25725
25726
25735
25735
25739
25740
25742
25744
25747
25751
25751
25752
25753
25753
25759
25759
25763
25770
25777
25779
25780
25785
25785
25786
25787
25793
25793
25793
25796
25813
25814
25816
25818
25820
25820
25832
25834
25835
25835
25842
25843
25845
25845
25845
25850
25851
25854
25863
25866
25871
25878
25881
25888
25889
25890
25899
25906
25906
25907
25912
25915
25915
25919
25924
25928
25928
25929
25929
25932
25939
25943
25946
25954
25955
25958
25961
25962
25963
25964
25971
25976
25978
25983
25986
25990
26000
26007
26011
26013
26023
26033
26035
26051
26054
26054
26056
26066
26067
26076
26098
26103
26105
26106
26119
26128
26138
26141
26146
26147
26148
26151
26152
26152
26153
26162
26163
26164
26166
26166
26168
26173
26182
26191
26194
26196
26196
26196
26197
26198
26198
26208
26208
26209
26214
26216
26218
26230
26236
26236
26237
26237
26252
26254
26262
26263
26265
26274
26275
26279
26281
26283
26286
26288
26289
26292
26294
26297
26298
26299
26302
26302
26307
26307
26320
26321
26322
26332
26336
26337
26338
26339
26346
26349
26359
26364
26364
26366
26367
26373
26376
26378
26386
26391
26391
26392
26396
26398
26401
26402
26404
26408
26410
26411
26414
26415
26420
26423
26424
26425
26433
26433
26435
26439
26439
26439
26440
26445
26465
26471
26479
26479
26482
26484
26507
26517
26519
26523
26526
26527
26528
26529
26532
26533
26533
26536
26536
26540
26542
26566
26578
26581
26583
26590
26595
26596
26599
26605
26606
26610
26611
26613
26616
26617
26618
26618
26622
26634
26643
26644
26644
26645
26645
26648
26649
26649
26662
26664
26670
26670
26670
26671
26671
26676
26680
26681
26690
26690
26693
26694
26696
26701
26705
26709
26712
26714
26717
26721
26724
26724
26724
26728
26730
26730
26730
26734
26739
26759
26762
26764
26772
26772
26781
26784
26791
26798
26801
26803
26808
26809
26811
26816
26816
26817
26819
26832
26833
26835
26844
26848
26848
26851
26855
26857
26860
26863
26865
26873
26876
26878
26878
26886
26892
26892
26894
26895
26895
26896
26904
26906
26906
26907
26916
26917
26919
26936
26964
26968
26969
26973
26978
26979
26981
26981
26989
26996
27004
27009
27009
27010
27011
27014
27020
27021
27028
27029
27031
27032
27049
27053
27061
27062
27069
27083
27086
27096
27097
27099
27102
27103
27107
27117
27118
27123
27125
27125
27132
27136
27136
27142
27144
27147
27148
27152
27159
27173
27173
27175
27182
27184
27185
27186
27194
27196
27199
27215
27215
27216
27217
27218
27220
27222
27222
27223
27226
27231
27233
27244
27259
27263
27264
27265
27267
27267
27269
27272
27275
27277
27281
27283
27285
27287
27293
27302
27303
27303
27319
27323
27325
27333
27335
27338
27343
27347
27349
27349
27352
27353
27354
27357
27360
27364
27369
27372
27374
27376
27376
27391
27391
27392
27398
27399
27400
27400
27406
27423
27433
27434
27436
27439
27442
27445
27461
27467
27467
27468
27471
27471
27476
27477
27478
27482
27486
27488
27489
27497
27497
27499
27501
27501
27504
27507
27517
27518
27526
27528
27540
27542
27543
27548
27554
27554
27562
27564
27571
27573
27580
27585
27586
27588
27596
27601
27605
27609
27609
27626
27628
27629
27636
27636
27651
27653
27661
27667
27669
27673
27677
27691
27696
27699
27700
27701
27706
27711
27712
27714
27729
27731
27732
27732
27734
27737
27741
27742
27742
27747
27748
27752
27752
27753
27758
27759
27762
27784
27785
27785
27797
27801
27804
27807
27814
27817
27820
27821
27822
27828
27828
27835
27837
27838
27847
27848
27849
27854
27857
27858
27860
27869
27871
27881
27883
27884
27885
27886
27890
27893
27894
27900
27900
27900
27916
27919
27921
27923
27929
27933
27935
27935
27938
27939
27950
27951
27952
27952
27955
27961
27964
27967
27973
27973
27975
27980
27986
27990
28000
28001
28002
28008
28009
28009
28012
28012
28023
28023
28026
28033
28039
28043
28047
28066
28068
28074
28074
28086
28088
28092
28098
28100
28101
28103
28103
28106
28108
28109
28112
28130
28134
28135
28140
28150
28151
28151
28156
28157
28158
28160
28163
28173
28173
28180
28181
28184
28202
28213
28216
28220
28223
28223
28233
28240
28245
28252
28258
28271
28277
28281
28285
28293
28297
28302
28305
28309
28320
28322
28326
28329
28330
28332
28335
28336
28336
28346
28347
28350
28354
28356
28361
28362
28372
28374
28376
28379
28382
28382
28383
28383
28386
28386
28387
28389
28400
28401
28401
28404
28408
28408
28426
28431
28434
28437
28447
28448
28448
28453
28455
28455
28461
28470
28472
28472
28479
28488
28503
28508
28510
28513
28513
28514
28514
28516
28519
28520
28523
28523
28533
28534
28535
28536
28540
28541
28547
28547
28548
28552
28554
28558
28558
28567
28569
28573
28573
28574
28578
28584
28600
28603
28604
28610
28614
28620
28622
28628
28629
28635
28636
28636
28643
28644
28645
28652
28653
28657
28658
28661
28663
28669
28670
28670
28675
28679
28680
28681
28685
28689
28698
28699
28701
28704
28712
28713
28713
28715
28719
28723
28728
28738
28739
28748
28752
28752
28752
28758
28760
28762
28766
28769
28771
28780
28784
28789
28794
28794
28795
28801
28806
28816
28821
28825
28825
28828
28831
28836
28837
28837
28841
28846
28847
28851
28852
28861
28862
28864
28872
28873
28875
28882
28886
28890
28890
28890
28892
28893
28895
28898
28903
28910
28916
28932
28937
28968
28969
28974
28975
28979
28983
28987
28989
28998
29001
29003
29003
29004
29007
29009
29014
29020
29026
29027
29030
29031
29039
29039
29052
29054
29054
29057
29060
29061
29083
29098
29102
29102
29104
29107
29109
29111
29113
29115
29121
29122
29124
29126
29126
29135
29138
29140
29145
29160
29161
29162
29171
29178
29191
29193
29198
29203
29216
29219
29223
29224
29230
29232
29233
29244
29244
29247
29247
29262
29263
29263
29271
29273
29274
29276
29278
29279
29282
29282
29283
29293
29298
29304
29315
29315
29328
29333
29333
29341
29342
29342
29344
29348
29355
29358
29363
29363
29368
29368
29369
29381
29381
29386
29392
29400
29402
29403
29404
29406
29410
29413
29414
29417
29426
29427
29427
29427
29430
29430
29431
29433
29442
29446
29463
29468
29468
29469
29471
29477
29487
29500
29501
29504
29506
29513
29518
29523
29527
29527
29535
29536
29537
29540
29545
29546
29553
29557
29569
29570
29570
29572
29577
29578
29580
29587
29589
29592
29596
29609
29617
29625
29635
29644
29648
29657
29661
29662
29664
29669
29678
29682
29689
29691
29692
29694
29695
29695
29699
29701
29709
29710
29711
29712
29716
29717
29718
29721
29721
29724
29724
29738
29738
29749
29751
29765
29768
29769
29773
29778
29780
29782
29786
29787
29788
29795
29796
29801
29810
29814
29816
29823
29827
29840
29847
29848
29860
29860
29866
29868
29869
29869
29878
29887
29890
29892
29895
29901
29903
29904
29908
29915
29925
29927
29930
29933
29933
29935
29937
29939
29939
29940
29940
29942
29950
29956
29956
29979
29979
29980
29983
29985
29986
29988
29992
29994
29997
29998
30002
30004
30011
30013
30030
30033
30035
30040
30043
30045
30046
30048
30049
30052
30054
30055
30068
30073
30075
30075
30080
30083
30083
30086
30099
30110
30117
30121
30132
30135
30135
30138
30139
30141
30142
30143
30150
30151
30160
30161
30161
30161
30161
30171
30171
30178
30178
30181
30182
30183
30188
30191
30199
30200
30208
30208
30211
30216
30216
30217
30219
30219
30238
30238
30238
30244
30245
30247
30247
30249
30252
30259
30259
30259
30264
30264
30266
30270
30270
30274
30293
30298
30298
30303
30306
30311
30312
30313
30321
30323
30325
30325
30328
30329
30330
30334
30336
30343
30353
30354
30375
30379
30381
30386
30388
30395
30401
30405
30412
30413
30414
30420
30425
30428
30434
30434
30434
30435
30436
30439
30449
30451
30456
30462
30471
30472
30480
30497
30499
30508
30518
30524
30526
30529
30530
30535
30536
30536
30536
30550
30554
30555
30557
30568
30577
30582
30584
30586
30587
30588
30589
30594
30596
30597
30599
30600
30601
30604
30606
30608
30609
30613
30616
30618
30619
30624
30627
30629
30630
30634
30635
30636
30636
30638
30640
30644
30644
30647
30649
30652
30654
30655
30656
30656
30658
30659
30663
30678
30698
30700
30708
30709
30717
30730
30731
30735
30738
30746
30751
30760
30762
30763
30763
30767
30782
30784
30786
30789
30798
30800
30804
30805
30810
30826
30829
30830
30830
30832
30834
30838
30838
30847
30849
30852
30862
30864
30866
30867
30868
30870
30872
30873
30874
30876
30881
30890
30895
30903
30911
30914
30914
30919
30924
30926
30928
30931
30932
30940
30942
30954
30958
30965
30967
30969
30971
30973
30975
30976
30979
30982
30985
30987
30998
30999
31003
31006
31008
31012
31013
31016
31017
31018
31019
31022
31030
31032
31039
31050
31055
31057
31061
31066
31072
31081
31085
31086
31086
31092
31102
31102
31112
31120
31122
31124
31139
31144
31150
31151
31155
31157
31161
31164
31167
31169
31179
31182
31182
31182
31192
31192
31194
31202
31203
31206
31207
31208
31211
31217
31220
31236
31238
31242
31243
31245
31247
31247
31255
31255
31256
31276
31276
31278
31300
31303
31305
31308
31312
31316
31319
31320
31320
31321
31323
31335
31338
31339
31346
31347
31354
31366
31367
31372
31375
31376
31376
31377
31387
31389
31394
31399
31404
31406
31407
31409
31413
31413
31414
31419
31420
31424
31424
31426
31431
31435
31439
31441
31441
31445
31446
31446
31461
31462
31464
31465
31465
31465
31468
31475
31475
31476
31479
31487
31496
31496
31496
31501
31502
31504
31517
31522
31523
31523
31524
31540
31542
31552
31559
31560
31562
31562
31567
31567
31570
31575
31586
31597
31610
31613
31613
31624
31625
31632
31632
31632
31633
31638
31641
31643
31644
31648
31649
31649
31651
31654
31656
31656
31666
31669
31676
31677
31687
31690
31699
31717
31723
31728
31730
31733
31735
31744
31756
31761
31762
31777
31780
31784
31791
31792
31793
31793
31823
31828
31833
31834
31837
31839
31839
31843
31849
31851
31852
31854
31862
31863
31865
31867
31869
31874
31877
31877
31886
31888
31889
31890
31894
31897
31900
31900
31900
31900
31903
31906
31911
31920
31920
31922
31926
31928
31929
31933
31942
31951
31952
31954
31956
31956
31964
31982
31983
31984
31986
31987
31991
31992
31994
31995
31996
31999
32002
32009
32012
32013
32018
32020
32029
32036
32040
32040
32042
32044
32047
32048
32054
32054
32058
32061
32063
32068
32070
32072
32080
32083
32083
32084
32091
32091
32092
32100
32104
32107
32108
32110
32113
32114
32115
32120
32123
32126
32131
32135
32136
32137
32139
32139
32139
32143
32145
32148
32148
32153
32153
32154
32161
32166
32166
32173
32178
32180
32186
32186
32187
32190
32190
32193
32193
32200
32201
32201
32207
32211
32220
32222
32230
32230
32232
32238
32250
32254
32258
32265
32266
32272
32275
32276
32278
32283
32291
32296
32297
32300
32303
32304
32315
32317
32320
32322
32324
32330
32333
32334
32341
32346
32354
32354
32355
32363
32367
32374
32376
32385
32385
32387
32387
32387
32391
32391
32391
32392
32395
32395
32401
32404
32404
32420
32425
32440
32443
32445
32446
32457
32461
32471
32474
32475
32489
32489
32489
32493
32501
32510
32519
32521
32523
32524
32525
32526
32531
32538
32541
32583
32583
32592
32592
32596
32602
32609
32610
32615
32617
32619
32622
32626
32627
32629
32633
32633
32635
32643
32647
32647
32650
32655
32657
32659
32665
32670
32673
32681
32685
32687
32692
32698
32699
32707
32709
32709
32712
32712
32718
32726
32727
32734
32734
32749
32750
32750
32750
32756
32757
32761
32765
32767
32769
32774
32788
32789
32791
32797
32797
32800
32803
32806
32807
32813
32816
32826
32826
32826
32832
32837
32840
32853
32863
32869
32869
32874
32875
32876
32881
32885
32889
32891
32897
32904
32913
32918
32919
32928
32932
32932
32934
32944
32960
32970
32974
32987
32991
33010
33014
33020
33023
33026
33031
33033
33035
33037
33040
33042
33042
33056
33058
33061
33073
33076
33078
33085
33086
33088
33092
33092
33092
33095
33099
33100
33101
33108
33110
33111
33123
33126
33129
33136
33137
33143
33150
33162
33162
33163
33168
33173
33179
33180
33181
33184
33188
33196
33198
33201
33201
33205
33206
33209
33219
33233
33233
33234
33235
33242
33243
33247
33248
33249
33249
33254
33269
33269
33271
33276
33279
33286
33288
33293
33319
33319
33319
33321
33328
33329
33333
33337
33340
33346
33358
33361
33364
33369
33370
33377
33381
33384
33385
33386
33393
33401
33401
33405
33418
33420
33425
33427
33431
33436
33438
33442
33443
33443
33445
33446
33450
33454
33458
33460
33461
33463
33467
33471
33474
33476
33480
33483
33487
33489
33492
33495
33500
33504
33508
33508
33510
33510
33510
33512
33516
33518
33521
33542
33543
33547
33548
33550
33552
33553
33561
33570
33579
33579
33586
33596
33600
33605
33609
33609
33623
33626
33628
33631
33631
33638
33650
33652
33664
33668
33675
33678
33679
33679
33680
33683
33683
33686
33689
33689
33689
33693
33699
33707
33710
33710
33713
33715
33719
33733
33733
33743
33746
33748
33749
33754
33756
33760
33764
33769
33772
33776
33776
33777
33784
33787
33789
33790
33795
33803
33803
33803
33804
33808
33813
33816
33822
33822
33825
33833
33837
33838
33844
33846
33875
33878
33879
33890
33890
33892
33893
33895
33897
33897
33904
33905
33912
33913
33920
33921
33922
33928
33929
33932
33932
33940
33943
33944
33944
33948
33949
33953
33960
33960
33963
33963
33969
33975
33988
33991
33992
33996
33997
34007
34008
34009
34012
34019
34019
34026
34028
34034
34034
34034
34037
34041
34061
34063
34071
34071
34073
34075
34078
34078
34079
34087
34089
34090
34090
34091
34098
34099
34100
34105
34105
34108
34115
34116
34122
34122
34125
34130
34130
34136
34138
34139
34146
34149
34152
34156
34156
34162
34163
34164
34164
34165
34168
34169
34172
34173
34174
34175
34178
34179
34180
34182
34197
34199
34200
34201
34208
34213
34213
34215
34217
34219
34226
34231
34235
34238
34245
34246
34258
34269
34275
34276
34276
34278
34282
34283
34284
34287
34291
34299
34300
34300
34303
34303
34311
34313
34315
34323
34326
34328
34329
34329
34331
34332
34337
34343
34347
34349
34353
34353
34355
34360
34362
34363
34364
34371
34372
34376
34380
34382
34382
34384
34385
34391
34394
34395
34409
34411
34412
34415
34420
34424
34425
34426
34427
34427
34440
34442
34456
34457
34458
34463
34469
34477
34482
34492
34496
34497
34501
34502
34503
34503
34523
34523
34524
34544
34548
34548
34549
34549
34550
34550
34552
34554
34556
34560
34573
34576
34581
34586
34586
34588
34588
34591
34596
34597
34599
34609
34617
34623
34625
34629
34633
34638
34642
34647
34653
34658
34662
34662
34663
34663
34663
34669
34674
34674
34676
34680
34686
34689
34689
34691
34695
34698
34698
34701
34702
34703
34706
34714
34717
34721
34724
34735
34739
34740
34740
34741
34747
34759
34760
34765
34765
34768
34772
34777
34777
34782
34788
34792
34792
34800
34801
34802
34806
34808
34812
34813
34819
34823
34831
34833
34839
34849
34856
34858
34865
34869
34869
34873
34877
34878
34889
34889
34898
34899
34901
34905
34906
34908
34914
34918
34922
34926
34929
34930
34933
34934
34934
34935
34935
34936
34939
34944
34950
34952
34956
34968
34972
34977
34980
34986
34990
34995
34995
34998
35000
35000
35002
35005
35007
35007
35022
35023
35024
35031
35038
35048
35053
35053
35065
35066
35068
35073
35074
35085
35089
35089
35089
35092
35104
35105
35106
35107
35110
35114
35121
35122
35126
35145
35146
35146
35153
35156
35159
35165
35166
35178
35181
35188
35191
35191
35200
35201
35203
35209
35215
35222
35231
35235
35247
35268
35273
35273
35273
35275
35285
35290
35297
35303
35307
35311
35322
35322
35324
35325
35331
35333
35340
35340
35341
35342
35344
35344
35345
35346
35348
35349
35349
35361
35379
35380
35381
35383
35391
35394
35397
35410
35413
35414
35426
35427
35428
35429
35430
35432
35432
35435
35436
35439
35443
35456
35457
35461
35461
35462
35466
35468
35470
35470
35471
35477
35477
35479
35481
35487
35506
35512
35517
35524
35530
35546
35549
35549
35551
35554
35559
35559
35560
35563
35565
35573
35579
35579
35579
35591
35596
35596
35598
35598
35600
35603
35604
35607
35607
35609
35612
35614
35616
35618
35622
35624
35628
35633
35633
35633
35635
35636
35648
35651
35656
35657
35657
35657
35658
35659
35661
35662
35662
35664
35670
35672
35688
35690
35692
35695
35703
35703
35716
35720
35720
35722
35727
35728
35732
35734
35735
35740
35741
35743
35743
35749
35752
35752
35752
35757
35757
35766
35770
35772
35776
35776
35777
35782
35786
35794
35800
35800
35802
35806
35811
35814
35814
35816
35828
35835
35840
35841
35856
35861
35862
35867
35868
35868
35869
35871
35878
35886
35892
35896
35897
35901
35902
35904
35904
35906
35909
35914
35920
35939
35940
35949
35961
35962
35971
35974
35976
35978
35979
35980
35981
35985
35985
35990
35992
35996
36005
36008
36010
36012
36013
36025
36029
36042
36043
36057
36065
36071
36074
36076
36076
36081
36086
36104
36109
36113
36113
36114
36116
36117
36118
36120
36126
36128
36140
36141
36148
36159
36174
36177
36178
36186
36196
36204
36214
36215
36217
36218
36221
36228
36237
36237
36250
36250
36260
36274
36275
36276
36283
36287
36290
36297
36304
36306
36310
36317
36328
36331
36341
36349
36353
36354
36355
36364
36370
36373
36378
36382
36386
36389
36390
36390
36393
36394
36400
36404
36406
36409
36411
36411
36411
36412
36425
36436
36437
36438
36444
36445
36452
36457
36460
36468
36478
36479
36483
36494
36498
36505
36507
36513
36520
36523
36526
36532
36536
36537
36542
36543
36544
36544
36544
36555
36561
36564
36565
36568
36577
36577
36577
36579
36579
36579
36583
36583
36587
36599
36606
36615
36620
36622
36631
36632
36635
36638
36640
36662
36668
36673
36676
36678
36681
36687
36689
36691
36693
36706
36708
36710
36710
36715
36722
36724
36728
36732
36733
36734
36736
36740
36742
36744
36746
36749
36753
36760
36764
36767
36769
36771
36774
36775
36778
36779
36782
36785
36796
36798
36807
36809
36813
36819
36820
36821
36828
36833
36836
36837
36839
36841
36848
36850
36858
36865
36866
36867
36880
36881
36889
36891
36893
36896
36897
36904
36906
36912
36913
36913
36916
36918
36919
36919
36919
36923
36924
36925
36928
36929
36944
36946
36950
36953
36955
36955
36969
36975
36976
36978
36990
36993
37001
37003
37015
37020
37022
37032
37034
37042
37070
37071
37072
37073
37087
37093
37095
37095
37103
37104
37114
37119
37131
37131
37132
37133
37134
37143
37144
37146
37146
37148
37161
37161
37169
37169
37171
37192
37194
37197
37218
37230
37232
37237
37238
37239
37244
37246
37251
37251
37252
37267
37278
37283
37289
37292
37311
37311
37313
37313
37337
37340
37341
37342
37347
37351
37352
37357
37362
37364
37383
37386
37388
37388
37389
37395
37397
37410
37412
37413
37416
37417
37421
37423
37436
37440
37441
37442
37445
37446
37450
37451
37452
37453
37455
37459
37459
37460
37462
37469
37469
37470
37473
37474
37474
37480
37489
37490
37491
37494
37500
37506
37517
37522
37530
37531
37532
37533
37539
37548
37554
37556
37564
37567
37570
37581
37581
37588
37595
37604
37609
37610
37613
37618
37622
37623
37629
37632
37633
37636
37637
37642
37649
37654
37660
37669
37678
37682
37684
37685
37686
37693
37693
37694
37695
37699
37699
37703
37709
37720
37720
37723
37726
37726
37735
37739
37741
37743
37744
37747
37749
37752
37753
37753
37755
37769
37772
37772
37775
37779
37779
37784
37790
37790
37796
37798
37799
37803
37813
37817
37818
37823
37826
37828
37830
37834
37836
37847
37849
37852
37852
37854
37864
37870
37871
37876
37877
37880
37884
37892
37892
37894
37898
37902
37903
37904
37915
37916
37925
37926
37929
37938
37955
37958
37970
37972
37974
37979
37980
37981
37982
37984
37988
38005
38007
38013
38015
38020
38025
38030
38030
38030
38032
38036
38038
38040
38040
38041
38043
38049
38057
38057
38058
38060
38068
38070
38070
38081
38084
38091
38096
38097
38100
38101
38104
38108
38115
38119
38125
38133
38133
38140
38146
38149
38151
38158
38167
38168
38173
38192
38193
38194
38194
38200
38207
38212
38213
38222
38227
38234
38243
38244
38249
38250
38252
38253
38256
38259
38263
38263
38265
38266
38267
38268
38272
38273
38278
38281
38284
38285
38308
38309
38314
38314
38321
38328
38328
38335
38337
38338
38341
38341
38369
38373
38383
38388
38395
38409
38409
38420
38422
38424
38428
38438
38440
38441
38441
38442
38443
38445
38448
38449
38463
38464
38465
38466
38469
38476
38478
38484
38494
38495
38502
38503
38506
38507
38510
38517
38522
38525
38528
38531
38542
38559
38563
38566
38574
38575
38580
38588
38594
38594
38596
38605
38611
38612
38615
38622
38622
38622
38623
38627
38630
38631
38633
38634
38634
38635
38637
38647
38648
38648
38659
38661
38664
38667
38670
38679
38692
38695
38706
38707
38714
38714
38717
38729
38731
38734
38736
38738
38740
38745
38747
38748
38750
38752
38761
38762
38769
38778
38788
38789
38789
38808
38815
38817
38818
38821
38821
38826
38826
38833
38835
38837
38841
38847
38847
38847
38848
38850
38851
38853
38855
38855
38862
38865
38865
38866
38869
38872
38876
38879
38881
38903
38905
38908
38908
38909
38910
38913
38916
38920
38922
38925
38928
38934
38938
38938
38939
38942
38942
38943
38945
38951
38952
38966
38970
38971
38979
38983
38991
38992
38995
39014
39014
39020
39022
39022
39023
39029
39029
39034
39035
39037
39041
39042
39043
39044
39045
39046
39048
39056
39059
39063
39067
39087
39089
39089
39090
39095
39101
39104
39118
39121
39122
39127
39129
39130
39133
39139
39141
39148
39150
39155
39156
39164
39170
39170
39171
39175
39185
39188
39189
39195
39199
39201
39206
39207
39211
39218
39226
39227
39229
39232
39251
39251
39253
39257
39261
39263
39269
39274
39274
39276
39290
39298
39302
39303
39304
39310
39314
39319
39333
39339
39349
39350
39368
39370
39382
39382
39397
39397
39405
39408
39412
39420
39422
39424
39425
39430
39435
39437
39442
39443
39455
39461
39470
39476
39478
39479
39480
39488
39491
39494
39495
39496
39497
39498
39500
39504
39511
39512
39517
39519
39528
39528
39536
39538
39541
39542
39546
39553
39553
39560
39578
39578
39583
39585
39588
39592
39595
39606
39608
39610
39611
39623
39625
39626
39628
39629
39630
39631
39641
39650
39651
39661
39662
39677
39680
39692
39692
39694
39695
39697
39697
39699
39700
39701
39706
39711
39717
39722
39723
39726
39733
39741
39744
39746
39747
39748
39749
39754
39756
39760
39765
39766
39767
39768
39769
39772
39775
39784
39787
39788
39790
39790
39794
39800
39803
39806
39807
39815
39827
39836
39848
39854
39855
39857
39858
39861
39861
39862
39864
39867
39871
39874
39876
39880
39880
39883
39884
39889
39893
39906
39908
39909
39913
39917
39917
39919
39919
39920
39927
39927
39929
39934
39934
39935
39935
39937
39938
39939
39939
39940
39949
39955
39960
39962
39962
39963
39965
39967
39979
39981
39982
39982
39987
39990
39991
39993
39994
39995
39997
40006
40010
40017
40022
40024
40027
40028
40036
40037
40046
40060
40073
40073
40076
40081
40081
40085
40085
40085
40093
40096
40099
40100
40101
40110
40115
40116
40122
40124
40126
40126
40132
40141
40141
40142
40142
40153
40157
40163
40165
40167
40169
40169
40170
40171
40179
40181
40182
40183
40183
40183
40184
40186
40192
40193
40196
40199
40199
40204
40205
40205
40209
40212
40228
40234
40235
40236
40236
40242
40247
40250
40251
40251
40251
40252
40253
40256
40260
40261
40261
40270
40277
40279
40281
40284
40286
40291
40294
40296
40299
40307
40310
40311
40312
40321
40329
40331
40333
40339
40341
40344
40346
40353
40356
40359
40360
40363
40365
40368
40376
40376
40381
40383
40390
40391
40392
40393
40395
40397
40398
40400
40404
40405
40413
40413
40424
40427
40431
40435
40440
40447
40453
40454
40455
40457
40462
40463
40466
40468
40470
40477
40478
40480
40482
40483
40489
40493
40498
40503
40504
40505
40510
40510
40511
40514
40522
40522
40523
40528
40531
40533
40534
40545
40549
40550
40551
40553
40556
40557
40561
40570
40576
40580
40580
40599
40602
40604
40611
40617
40619
40621
40622
40623
40631
40631
40632
40633
40647
40648
40650
40651
40657
40659
40663
40666
40671
40684
40696
40702
40707
40711
40714
40717
40722
40723
40727
40728
40729
40737
40746
40754
40757
40764
40771
40773
40777
40783
40791
40791
40804
40805
40826
40828
40830
40838
40850
40853
40857
40861
40865
40881
40884
40885
40885
40898
40899
40908
40913
40916
40917
40917
40919
40920
40922
40925
40938
40938
40941
40945
40961
40961
40962
40967
40967
40972
40973
40977
40980
40980
40985
40993
40995
40999
41000
41002
41005
41010
41017
41018
41024
41026
41027
41028
41029
41029
41031
41035
41037
41037
41046
41047
41049
41081
41092
41096
41101
41101
41103
41109
41112
41112
41114
41122
41123
41126
41126
41126
41133
41137
41155
41156
41156
41160
41164
41167
41171
41175
41178
41191
41200
41201
41204
41207
41208
41210
41211
41212
41216
41218
41218
41221
41225
41227
41228
41229
41231
41239
41240
41240
41245
41253
41259
41259
41264
41266
41269
41269
41275
41276
41279
41284
41284
41284
41287
41289
41289
41291
41292
41305
41308
41309
41318
41320
41332
41336
41338
41339
41344
41352
41353
41353
41359
41367
41369
41370
41370
41374
41388
41401
41403
41405
41414
41416
41422
41424
41425
41425
41427
41428
41432
41439
41449
41449
41450
41451
41453
41456
41463
41464
41468
41469
41480
41482
41488
41491
41492
41496
41498
41502
41505
41509
41513
41514
41515
41519
41521
41531
41533
41535
41537
41538
41542
41543
41555
41557
41565
41565
41567
41581
41584
41586
41590
41593
41594
41600
41600
41603
41603
41621
41624
41626
41632
41632
41633
41634
41635
41636
41638
41639
41642
41647
41653
41654
41675
41691
41691
41694
41699
41700
41701
41701
41707
41707
41708
41711
41714
41714
41717
41722
41725
41728
41729
41731
41735
41738
41738
41738
41740
41744
41744
41766
41784
41785
41786
41787
41793
41801
41806
41807
41811
41813
41815
41819
41822
41822
41838
41849
41851
41856
41858
41867
41869
41877
41877
41883
41886
41892
41900
41900
41902
41905
41915
41917
41921
41931
41934
41937
41939
41942
41947
41955
41955
41972
41973
41975
41975
41979
41982
41982
41983
41985
41989
41989
41996
42004
42005
42007
42009
42009
42011
42013
42013
42026
42028
42030
42045
42045
42050
42055
42061
42064
42066
42070
42077
42080
42082
42085
42086
42094
42096
42103
42105
42109
42122
42127
42133
42143
42146
42148
42149
42157
42160
42165
42166
42170
42176
42183
42188
42196
42205
42206
42212
42216
42222
42226
42238
42239
42240
42250
42250
42254
42255
42255
42255
42260
42263
42263
42267
42275
42279
42280
42286
42287
42290
42290
42291
42293
42302
42303
42304
42308
42309
42311
42313
42314
42321
42321
42321
42321
42324
42325
42333
42334
42336
42344
42347
42349
42351
42353
42353
42353
42361
42367
42372
42375
42375
42377
42380
42387
42402
42404
42408
42408
42411
42411
42414
42414
42424
42426
42432
42433
42438
42438
42445
42447
42450
42453
42459
42463
42475
42478
42482
42486
42486
42488
42489
42495
42496
42500
42502
42504
42512
42522
42536
42538
42548
42549
42550
42556
42557
42557
42557
42562
42565
42580
42583
42587
42592
42593
42596
42596
42608
42609
42610
42610
42613
42618
42627
42628
42630
42634
42644
42646
42649
42655
42661
42663
42664
42669
42673
42678
42679
42684
42688
42690
42695
42697
42699
42700
42706
42710
42710
42711
42724
42728
42739
42744
42746
42752
42757
42759
42760
42761
42766
42767
42768
42771
42773
42774
42782
42786
42789
42789
42793
42794
42796
42796
42798
42799
42802
42806
42808
42820
42822
42822
42833
42834
42845
42848
42849
42852
42861
42863
42872
42878
42878
42884
42891
42902
42904
42905
42906
42906
42907
42907
42909
42912
42915
42921
42921
42922
42924
42924
42929
42930
42946
42946
42947
42950
42965
42978
42984
42990
43008
43008
43009
43012
43013
43016
43018
43019
43020
43025
43031
43040
43048
43050
43054
43057
43063
43070
43071
43071
43084
43086
43090
43095
43096
43096
43100
43103
43103
43104
43104
43115
43123
43129
43132
43142
43142
43143
43150
43151
43151
43155
43157
43161
43162
43163
43166
43167
43167
43186
43190
43192
43193
43193
43194
43197
43201
43202
43212
43212
43227
43227
43229
43230
43238
43239
43243
43243
43246
43252
43254
43257
43263
43263
43265
43274
43279
43280
43289
43291
43302
43310
43311
43318
43324
43325
43326
43330
43334
43335
43367
43368
43368
43369
43372
43373
43373
43375
43381
43386
43387
43389
43392
43393
43396
43397
43398
43399
43400
43405
43405
43410
43419
43427
43428
43432
43451
43452
43452
43454
43454
43454
43468
43470
43471
43483
43483
43490
43499
43501
43503
43507
43508
43512
43512
43516
43518
43519
43522
43524
43539
43539
43551
43562
43563
43564
43569
43571
43577
43578
43580
43581
43581
43582
43585
43586
43586
43589
43601
43603
43604
43607
43610
43611
43626
43626
43628
43630
43634
43638
43639
43641
43641
43648
43651
43653
43654
43656
43659
43685
43691
43692
43706
43718
43724
43725
43731
43732
43734
43739
43742
43743
43746
43750
43753
43758
43759
43765
43770
43770
43776
43778
43783
43786
43788
43793
43795
43797
43802
43803
43813
43817
43821
43822
43824
43826
43854
43856
43864
43873
43876
43878
43878
43881
43884
43888
43892
43901
43901
43905
43907
43908
43911
43918
43920
43920
43932
43933
43943
43948
43948
43948
43964
43971
43983
43992
43993
43998
44000
44000
44007
44009
44010
44010
44014
44016
44019
44019
44023
44025
44026
44033
44038
44039
44042
44042
44043
44058
44061
44064
44067
44068
44070
44070
44073
44079
44082
44083
44087
44088
44097
44101
44104
44107
44108
44123
44135
44149
44154
44156
44159
44162
44163
44169
44169
44173
44174
44175
44175
44179
44180
44181
44188
44189
44192
44193
44194
44194
44203
44205
44208
44211
44220
44222
44223
44227
44229
44232
44252
44257
44259
44266
44267
44272
44275
44277
44282
44295
44303
44305
44315
44320
44330
44337
44345
44349
44356
44356
44359
44379
44384
44397
44400
44401
44403
44405
44406
44411
44412
44412
44417
44417
44420
44422
44426
44428
44429
44433
44434
44435
44438
44440
44444
44446
44454
44454
44460
44462
44464
44466
44469
44470
44482
44486
44490
44496
44506
44508
44516
44520
44521
44523
44526
44536
44538
44546
44555
44555
44559
44566
44571
44577
44577
44577
44581
44589
44599
44601
44614
44623
44629
44630
44634
44636
44637
44639
44648
44651
44653
44655
44657
44660
44661
44665
44671
44671
44675
44677
44689
44689
44696
44698
44705
44709
44709
44713
44714
44722
44727
44737
44747
44751
44754
44754
44755
44758
44767
44783
44786
44788
44789
44791
44791
44800
44806
44807
44809
44812
44817
44818
44824
44825
44827
44828
44828
44833
44841
44853
44858
44859
44862
44862
44876
44884
44884
44888
44892
44893
44898
44898
44907
44908
44913
44917
44921
44922
44924
44930
44934
44935
44936
44939
44941
44942
44947
44958
44962
44969
44980
44984
44987
44991
44991
44991
44992
44998
45001
45004
45006
45021
45033
45049
45049
45050
45050
45054
45066
45070
45073
45080
45083
45085
45086
45088
45096
45097
45100
45103
45103
45106
45116
45117
45119
45126
45143
45150
45150
45154
45157
45165
45165
45170
45172
45178
45189
45190
45190
45198
45199
45205
45205
45208
45208
45211
45213
45217
45229
45230
45231
45232
45234
45243
45244
45249
45255
45264
45270
45270
45272
45272
45273
45273
45293
45294
45297
45302
45303
45305
45309
45310
45312
45314
45315
45320
45322
45323
45324
45326
45329
45331
45337
45343
45344
45345
45349
45351
45352
45359
45364
45366
45369
45371
45376
45376
45384
45387
45394
45395
45399
45400
45401
45409
45411
45411
45428
45436
45440
45444
45451
45456
45456
45457
45458
45459
45460
45470
45471
45471
45473
45484
45487
45488
45493
45496
45509
45516
45517
45527
45528
45538
45547
45548
45549
45551
45554
45561
45563
45584
45589
45594
45599
45602
45604
45616
45619
45624
45624
45625
45626
45626
45627
45632
45632
45633
45635
45641
45655
45658
45658
45660
45660
45664
45665
45668
45671
45674
45675
45678
45684
45688
45694
45696
45704
45712
45713
45716
45722
45730
45733
45744
45751
45752
45753
45770
45774
45774
45774
45775
45781
45782
45783
45790
45790
45791
45791
45794
45802
45803
45805
45808
45812
45816
45817
45817
45819
45822
45827
45828
45831
45840
45850
45860
45869
45878
45881
45883
45886
45900
45903
45908
45917
45918
45921
45921
45931
45941
45945
45955
45955
45957
45960
45962
45965
45966
45967
45967
45972
45974
45976
45978
45980
45986
45987
45987
45989
45992
45994
45994
45996
45997
45998
45999
46008
46010
46011
46011
46016
46016
46017
46028
46032
46033
46033
46033
46034
46044
46048
46049
46049
46056
46059
46074
46078
46080
46082
46082
46084
46087
46092
46095
46096
46101
46103
46112
46113
46114
46126
46128
46129
46133
46160
46160
46160
46160
46163
46171
46175
46182
46182
46182
46183
46188
46190
46198
46199
46201
46209
46218
46226
46227
46228
46251
46258
46260
46266
46267
46268
46271
46272
46279
46280
46280
46289
46289
46290
46304
46309
46314
46324
46327
46328
46333
46334
46338
46338
46339
46339
46341
46344
46345
46345
46347
46349
46363
46364
46376
46378
46381
46383
46391
46392
46395
46405
46411
46411
46411
46412
46416
46417
46419
46420
46421
46422
46423
46437
46439
46453
46458
46465
46466
46466
46470
46477
46477
46483
46484
46490
46492
46497
46500
46502
46505
46505
46507
46508
46514
46514
46516
46517
46524
46529
46551
46554
46561
46564
46566
46567
46570
46578
46578
46583
46584
46589
46593
46596
46596
46604
46608
46617
46619
46623
46624
46625
46626
46636
46636
46637
46639
46641
46641
46644
46648
46650
46650
46651
46655
46661
46668
46676
46677
46681
46682
46687
46694
46696
46700
46700
46701
46704
46707
46712
46718
46719
46720
46724
46733
46734
46735
46735
46739
46740
46742
46752
46756
46769
46773
46773
46773
46774
46774
46777
46790
46792
46796
46802
46802
46808
46810
46817
46819
46820
46821
46825
46828
46836
46837
46841
46843
46843
46843
46846
46847
46848
46853
46857
46857
46861
46863
46867
46873
46875
46878
46884
46886
46893
46893
46897
46899
46900
46904
46914
46914
46915
46922
46926
46927
46928
46941
46941
46946
46951
46951
46952
46965
46966
46968
46972
46977
46986
46997
47000
47001
47012
47015
47023
47024
47024
47028
47028
47031
47036
47038
47045
47047
47048
47050
47052
47055
47058
47059
47062
47064
47067
47069
47075
47076
47087
47088
47094
47095
47097
47108
47109
47113
47113
47119
47120
47121
47125
47127
47130
47135
47136
47136
47138
47138
47139
47140
47141
47146
47148
47148
47152
47163
47174
47178
47179
47179
47182
47184
47191
47192
47198
47199
47214
47216
47220
47220
47220
47226
47227
47228
47231
47234
47244
47247
47247
47247
47248
47248
47251
47252
47252
47254
47256
47258
47262
47264
47270
47272
47272
47284
47286
47287
47290
47291
47291
47295
47295
47295
47296
47302
47307
47309
47315
47317
47319
47319
47321
47322
47324
47328
47328
47336
47336
47343
47349
47351
47353
47355
47360
47364
47373
47377
47391
47395
47400
47402
47406
47411
47411
47415
47416
47427
47431
47436
47442
47452
47456
47460
47480
47483
47488
47490
47497
47499
47499
47501
47504
47507
47509
47510
47514
47516
47524
47526
47530
47530
47531
47531
47539
47541
47547
47554
47558
47559
47560
47561
47562
47566
47571
47572
47573
47576
47585
47587
47588
47592
47593
47593
47595
47600
47605
47608
47617
47617
47618
47620
47626
47627
47628
47631
47663
47663
47664
47672
47672
47673
47685
47692
47693
47702
47702
47703
47714
47721
47725
47731
47734
47738
47738
47738
47740
47743
47745
47748
47752
47754
47760
47761
47762
47766
47768
47775
47775
47778
47783
47785
47790
47800
47800
47800
47800
47804
47804
47811
47813
47814
47820
47821
47821
47826
47829
47845
47861
47871
47871
47874
47874
47877
47880
47885
47893
47896
47899
47906
47907
47910
47914
47928
47938
47942
47944
47945
47947
47948
47962
47965
47969
47973
47977
47978
47980
47984
47994
48006
48021
48021
48021
48022
48027
48029
48040
48040
48044
48046
48057
48060
48065
48065
48065
48075
48076
48086
48089
48092
48093
48096
48117
48118
48118
48122
48127
48141
48143
48145
48150
48167
48167
48169
48171
48172
48173
48181
48190
48195
48196
48207
48211
48224
48230
48234
48235
48236
48240
48241
48243
48246
48250
48253
48256
48257
48258
48267
48269
48272
48279
48290
48290
48291
48294
48297
48299
48301
48307
48309
48312
48315
48316
48319
48323
48332
48334
48336
48337
48338
48351
48356
48356
48370
48375
48375
48395
48400
48412
48414
48415
48415
48419
48421
48421
48426
48430
48431
48433
48433
48435
48439
48441
48442
48450
48458
48459
48479
48480
48488
48497
48501
48503
48503
48503
48507
48512
48513
48514
48521
48521
48526
48527
48534
48535
48538
48543
48557
48562
48567
48575
48581
48586
48589
48589
48590
48594
48597
48604
48608
48613
48613
48619
48619
48622
48640
48640
48642
48647
48648
48660
48664
48664
48675
48675
48677
48682
48689
48691
48691
48694
48706
48715
48718
48720
48720
48729
48737
48740
48750
48758
48761
48762
48774
48775
48777
48777
48778
48788
48788
48792
48794
48799
48803
48805
48809
48810
48810
48812
48813
48813
48821
48838
48839
48841
48841
48843
48853
48854
48856
48859
48859
48865
48870
48874
48874
48874
48875
48878
48880
48882
48884
48886
48886
48888
48891
48893
48898
48909
48909
48911
48914
48922
48922
48928
48931
48938
48945
48948
48950
48950
48956
48956
48960
48963
48976
48981
48982
48983
48988
48999
48999
49004
49007
49007
49017
49018
49022
49030
49034
49034
49043
49045
49046
49046
49049
49058
49060
49060
49062
49062
49065
49068
49072
49081
49084
49085
49085
49088
49093
49094
49096
49107
49108
49111
49132
49134
49134
49136
49140
49141
49142
49143
49143
49155
49160
49164
49166
49167
49169
49171
49180
49181
49181
49188
49195
49196
49196
49198
49203
49207
49212
49214
49217
49219
49229
49230
49240
49242
49248
49250
49252
49252
49254
49259
49266
49273
49275
49279
49290
49290
49293
49294
49295
49296
49298
49301
49302
49303
49310
49311
49319
49320
49332
49334
49338
49340
49343
49344
49349
49353
49354
49355
49355
49357
49366
49369
49370
49377
49379
49387
49388
49391
49391
49395
49397
49402
49409
49412
49425
49431
49433
49434
49442
49455
49458
49458
49461
49462
49463
49466
49469
49478
49483
49484
49485
49487
49488
49490
49497
49527
49530
49548
49552
49555
49561
49561
49562
49563
49564
49569
49575
49576
49580
49581
49583
49585
49589
49593
49593
49595
49597
49600
49601
49605
49612
49620
49624
49630
49631
49634
49635
49639
49639
49646
49647
49654
49663
49667
49668
49672
49673
49673
49680
49682
49683
49686
49694
49701
49702
49703
49705
49710
49710
49717
49719
49721
49729
49736
49743
49747
49754
49758
49760
49762
49764
49769
49784
49785
49786
49793
49800
49801
49801
49802
49804
49808
49809
49810
49828
49828
49834
49839
49840
49841
49843
49847
49849
49852
49852
49863
49864
49868
49872
49876
49876
49879
49886
49887
49889
49891
49893
49899
49900
49900
49901
49905
49908
49908
49911
49912
49914
49915
49927
49930
49932
49936
49946
49948
49961
49963
49964
49968
49972
49972
49975
49977
49978
50000
50007
50011
50022
50023
50025
50025
50026
50030
50034
50037
50038
50040
50041
50041
50048
50050
50050
50050
50054
50057
50057
50059
50064
50066
50073
50082
50086
50090
50093
50101
50102
50102
50102
50109
50110
50111
50112
50118
50119
50123
50125
50127
50131
50132
50133
50133
50146
50148
50153
50154
50155
50155
50160
50161
50161
50168
50170
50171
50173
50188
50191
50199
50201
50214
50217
50234
50234
50238
50239
50239
50241
50255
50258
50261
50263
50268
50269
50275
50276
50277
50287
50292
50295
50296
50297
50298
50302
50304
50305
50307
50319
50320
50321
50322
50323
50327
50327
50332
50347
50349
50354
50357
50358
50370
50373
50378
50380
50382
50385
50392
50397
50402
50413
50414
50414
50424
50424
50430
50431
50432
50436
50437
50437
50445
50461
50475
50476
50476
50498
50500
50504
50514
50522
50538
50543
50544
50544
50544
50554
50558
50562
50587
50589
50589
50597
50610
50616
50617
50618
50623
50629
50632
50636
50637
50642
50647
50649
50664
50664
50670
50670
50671
50674
50677
50690
50696
50705
50708
50709
50715
50716
50716
50721
50722
50729
50737
50737
50737
50737
50746
50749
50753
50754
50756
50759
50765
50769
50771
50775
50781
50785
50791
50793
50811
50812
50818
50819
50820
50828
50850
50851
50855
50865
50872
50873
50873
50876
50881
50883
50884
50887
50888
50890
50890
50891
50892
50895
50897
50898
50904
50906
50920
50924
50928
50932
50940
50947
50949
50951
50955
50958
50960
50968
50976
50977
50979
50980
50981
50983
50985
50986
50997
51005
51009
51009
51009
51012
51016
51016
51024
51029
51029
51030
51040
51040
51042
51047
51048
51054
51070
51070
51070
51073
51074
51080
51080
51086
51097
51109
51113
51123
51124
51127
51131
51133
51134
51147
51149
51157
51161
51171
51174
51176
51177
51177
51182
51185
51188
51188
51189
51193
51193
51194
51208
51210
51237
51243
51249
51256
51260
51260
51270
51272
51275
51282
51296
51301
51307
51307
51318
51321
51322
51323
51332
51338
51339
51349
51352
51352
51352
51373
51387
51391
51393
51393
51395
51396
51398
51399
51400
51402
51405
51406
51406
51407
51410
51420
51426
51428
51438
51441
51444
51449
51450
51456
51467
51473
51476
51476
51477
51483
51490
51499
51501
51501
51504
51504
51509
51518
51520
51522
51524
51525
51526
51534
51537
51544
51549
51551
51562
51564
51567
51575
51578
51582
51582
51583
51593
51593
51602
51622
51623
51627
51629
51631
51631
51633
51634
51635
51642
51646
51648
51649
51660
51665
51668
51670
51671
51677
51677
51681
51688
51689
51696
51697
51698
51704
51704
51704
51709
51710
51712
51717
51719
51719
51724
51728
51737
51737
51741
51749
51752
51754
51755
51769
51772
51773
51780
51780
51785
51789
51790
51791
51791
51791
51793
51794
51799
51801
51804
51805
51810
51819
51819
51828
51830
51837
51837
51841
51851
51851
51853
51857
51857
51864
51870
51877
51882
51882
51884
51905
51909
51924
51925
51927
51928
51932
51933
51936
51940
51945
51959
51966
51969
51974
51976
51985
51987
51988
51989
51990
51992
51992
51997
52008
52008
52013
52033
52034
52035
52035
52052
52060
52069
52071
52082
52083
52085
52085
52088
52089
52092
52106
52110
52110
52111
52122
52129
52130
52132
52137
52137
52138
52139
52142
52145
52150
52152
52152
52153
52157
52158
52162
52170
52174
52177
52182
52185
52188
52190
52190
52191
52195
52196
52197
52197
52197
52198
52198
52214
52219
52221
52222
52225
52228
52245
52251
52256
52264
52266
52269
52272
52272
52279
52282
52282
52285
52292
52300
52300
52301
52312
52316
52317
52321
52322
52323
52324
52332
52334
52335
52344
52344
52344
52352
52352
52357
52362
52365
52372
52380
52382
52391
52396
52396
52404
52406
52410
52423
52429
52429
52432
52435
52436
52438
52447
52448
52459
52464
52464
52470
52471
52479
52482
52489
52490
52494
52501
52505
52513
52514
52520
52525
52525
52526
52529
52531
52534
52534
52540
52543
52546
52555
52555
52558
52565
52571
52580
52580
52583
52589
52591
52597
52614
52616
52624
52627
52628
52630
52636
52641
52652
52653
52656
52659
52661
52663
52668
52683
52683
52684
52685
52690
52690
52693
52700
52700
52704
52705
52715
52722
52730
52732
52755
52758
52759
52762
52763
52763
52764
52770
52772
52779
52783
52787
52793
52794
52802
52804
52814
52821
52824
52828
52831
52851
52854
52857
52865
52866
52867
52869
52872
52875
52876
52880
52881
52882
52889
52900
52907
52915
52916
52916
52922
52927
52928
52930
52931
52934
52938
52939
52941
52942
52943
52946
52962
52966
52969
52971
52972
52983
52985
52986
52994
53007
53008
53014
53020
53027
53030
53031
53036
53037
53042
53043
53043
53048
53058
53059
53059
53068
53069
53073
53078
53082
53085
53095
53095
53095
53096
53100
53100
53101
53104
53104
53117
53120
53122
53123
53126
53129
53141
53146
53148
53150
53153
53165
53166
53179
53180
53181
53181
53191
53194
53195
53202
53206
53209
53212
53219
53220
53226
53230
53230
53243
53245
53245
53250
53252
53254
53258
53259
53259
53262
53263
53264
53267
53267
53268
53271
53274
53278
53282
53282
53283
53291
53299
53303
53314
53316
53320
53321
53322
53333
53338
53342
53357
53358
53371
53371
53374
53375
53378
53384
53385
53392
53404
53406
53407
53411
53423
53425
53427
53428
53429
53434
53438
53443
53446
53451
53453
53453
53472
53474
53475
53489
53489
53491
53493
53493
53504
53506
53509
53519
53520
53522
53524
53524
53533
53536
53542
53542
53545
53552
53554
53557
53558
53559
53565
53566
53567
53569
53572
53581
53581
53582
53589
53596
53608
53610
53610
53612
53624
53626
53628
53632
53642
53646
53651
53655
53660
53663
53667
53669
53670
53677
53680
53683
53696
53698
53704
53708
53710
53711
53714
53717
53717
53719
53719
53721
53731
53733
53734
53737
53737
53743
53745
53751
53757
53757
53762
53763
53765
53770
53775
53782
53784
53784
53787
53793
53797
53800
53801
53810
53812
53813
53819
53820
53821
53821
53824
53825
53829
53829
53836
53840
53842
53843
53852
53856
53863
53865
53874
53875
53884
53884
53885
53898
53901
53901
53902
53912
53912
53912
53915
53920
53920
53925
53932
53939
53944
53950
53957
53962
53964
53966
53978
53982
53991
54006
54015
54017
54021
54022
54025
54027
54029
54030
54030
54038
54039
54041
54048
54053
54053
54057
54058
54059
54066
54070
54071
54072
54079
54081
54082
54082
54084
54087
54088
54101
54102
54110
54110
54119
54121
54123
54126
54128
54128
54132
54133
54133
54142
54147
54149
54154
54157
54160
54162
54166
54169
54179
54185
54192
54197
54199
54203
54203
54209
54210
54213
54217
54219
54221
54224
54225
54226
54237
54251
54251
54265
54274
54275
54279
54281
54291
54293
54294
54297
54311
54321
54322
54326
54326
54326
54330
54331
54338
54339
54340
54343
54349
54351
54353
54357
54361
54365
54369
54370
54372
54382
54382
54383
54385
54386
54389
54403
54404
54408
54417
54419
54420
54422
54425
54425
54433
54434
54439
54442
54453
54462
54463
54467
54473
54478
54483
54484
54492
54494
54494
54495
54501
54502
54504
54505
54511
54514
54515
54521
54523
54528
54528
54530
54540
54543
54548
54550
54552
54555
54559
54561
54577
54577
54579
54589
54599
54601
54607
54615
54616
54620
54622
54627
54645
54646
54651
54652
54655
54659
54662
54665
54669
54672
54676
54676
54678
54680
54681
54688
54689
54691
54691
54691
54693
54696
54697
54700
54700
54706
54712
54719
54720
54722
54723
54726
54731
54735
54741
54742
54746
54747
54751
54754
54764
54766
54771
54771
54771
54776
54777
54780
54781
54785
54791
54791
54795
54803
54806
54815
54819
54827
54832
54835
54838
54840
54845
54848
54848
54849
54854
54867
54872
54873
54876
54881
54883
54886
54892
54896
54901
54906
54916
54926
54938
54940
54940
54943
54946
54946
54955
54964
54965
54977
54979
54982
54982
54985
54991
54998
55002
55002
55012
55012
55014
55016
55020
55024
55024
55026
55027
55042
55044
55068
55071
55075
55092
55092
55095
55095
55097
55106
55110
55110
55111
55111
55112
55117
55120
55120
55123
55123
55127
55128
55130
55134
55139
55141
55144
55145
55148
55149
55151
55151
55152
55161
55165
55165
55167
55172
55173
55187
55192
55205
55207
55208
55211
55212
55212
55215
55216
55218
55221
55226
55230
55231
55232
55235
55246
55252
55253
55258
55268
55278
55279
55283
55283
55285
55293
55296
55299
55299
55303
55306
55308
55309
55311
55316
55325
55332
55334
55347
55349
55352
55352
55357
55360
55361
55367
55373
55374
55376
55378
55378
55381
55381
55381
55381
55382
55386
55404
55407
55408
55409
55412
55413
55417
55419
55423
55432
55438
55440
55440
55442
55443
55443
55445
55447
55451
55459
55459
55464
55464
55467
55470
55478
55486
55494
55495
55498
55503
55512
55515
55515
55527
55536
55547
55559
55563
55570
55570
55586
55590
55593
55595
55598
55598
55600
55601
55609
55612
55614
55621
55623
55623
55623
55627
55629
55630
55631
55633
55636
55643
55643
55648
55648
55649
55656
55657
55670
55676
55678
55680
55681
55683
55685
55693
55693
55699
55701
55702
55705
55708
55712
55713
55715
55736
55737
55737
55742
55743
55750
55751
55755
55758
55763
55764
55776
55777
55778
55785
55786
55790
55796
55799
55811
55814
55817
55817
55826
55830
55832
55842
55843
55847
55852
55852
55859
55864
55866
55868
55870
55873
55874
55875
55878
55899
55903
55906
55906
55909
55918
55935
55938
55947
55950
55952
55954
55955
55958
55963
55963
55963
55964
55973
55974
55975
55977
55977
55977
55980
55990
55999
55999
56001
56006
56018
56019
56020
56026
56028
56039
56039
56051
56060
56061
56064
56064
56064
56065
56067
56068
56069
56076
56081
56085
56090
56090
56096
56104
56109
56115
56117
56120
56124
56127
56132
56132
56137
56139
56142
56146
56155
56157
56159
56161
56162
56174
56175
56183
56186
56188
56191
56193
56199
56199
56208
56212
56216
56220
56222
56225
56227
56235
56236
56248
56251
56252
56252
56255
56262
56269
56269
56273
56278
56279
56279
56281
56282
56285
56287
56290
56297
56301
56307
56312
56314
56315
56320
56326
56349
56355
56357
56361
56363
56375
56376
56378
56383
56383
56385
56387
56398
56398
56399
56404
56406
56409
56410
56410
56413
56421
56427
56435
56438
56441
56442
56456
56460
56463
56466
56473
56477
56478
56479
56482
56483
56487
56490
56491
56494
56496
56496
56497
56505
56505
56506
56511
56517
56517
56523
56524
56528
56530
56533
56541
56542
56546
56547
56553
56563
56566
56573
56573
56577
56582
56583
56585
56590
56592
56599
56604
56608
56611
56611
56617
56618
56623
56629
56633
56638
56640
56642
56648
56654
56662
56665
56665
56667
56671
56673
56674
56689
56693
56693
56694
56698
56699
56703
56704
56705
56711
56714
56719
56720
56724
56725
56733
56737
56739
56739
56741
56743
56751
56754
56755
56757
56758
56764
56765
56774
56781
56782
56788
56790
56794
56799
56806
56811
56812
56815
56826
56833
56836
56850
56853
56854
56861
56863
56864
56869
56871
56878
56880
56881
56886
56891
56906
56912
56920
56928
56929
56940
56945
56947
56960
56975
56978
56983
56983
56989
56991
56995
56995
56997
57002
57012
57013
57018
57018
57021
57030
57034
57044
57044
57044
57044
57045
57047
57052
57057
57058
57062
57067
57071
57076
57076
57078
57082
57082
57084
57091
57095
57096
57103
57103
57104
57107
57109
57110
57122
57126
57127
57132
57135
57139
57141
57142
57156
57156
57158
57172
57173
57177
57180
57184
57187
57191
57193
57197
57202
57205
57207
57209
57225
57226
57228
57228
57234
57243
57246
57247
57251
57256
57258
57262
57267
57270
57270
57279
57279
57284
57284
57292
57302
57302
57303
57306
57307
57310
57311
57316
57324
57330
57338
57341
57341
57353
57354
57360
57365
57368
57371
57373
57376
57377
57378
57402
57405
57406
57414
57416
57418
57418
57421
57422
57425
57425
57428
57431
57434
57435
57439
57443
57444
57445
57448
57451
57458
57460
57460
57461
57466
57473
57476
57477
57485
57485
57489
57492
57492
57492
57496
57497
57498
57500
57505
57507
57507
57511
57511
57515
57515
57518
57520
57523
57523
57525
57525
57527
57535
57537
57566
57570
57575
57579
57583
57590
57606
57607
57617
57619
57624
57633
57633
57633
57635
57637
57637
57639
57646
57656
57658
57658
57676
57682
57687
57699
57704
57713
57716
57718
57720
57724
57725
57725
57727
57732
57735
57735
57737
57738
57741
57743
57746
57752
57753
57778
57778
57787
57795
57797
57799
57804
57806
57808
57816
57820
57821
57825
57827
57837
57839
57845
57847
57847
57848
57849
57850
57850
57851
57852
57852
57857
57858
57862
57867
57868
57870
57872
57874
57878
57879
57879
57879
57879
57885
57887
57889
57895
57895
57897
57903
57907
57907
57910
57910
57915
57930
57950
57950
57955
57962
57966
57982
57982
57987
57991
57998
57998
58001
58006
58006
58008
58008
58015
58023
58025
58029
58030
58031
58032
58039
58044
58051
58056
58058
58067
58068
58075
58080
58083
58087
58088
58095
58096
58097
58099
58100
58105
58106
58109
58121
58123
58125
58125
58132
58135
58138
58143
58147
58156
58160
58162
58165
58165
58168
58171
58173
58188
58189
58196
58197
58199
58200
58201
58201
58203
58206
58207
58213
58213
58215
58220
58227
58230
58233
58237
58244
58244
58251
58261
58265
58266
58267
58271
58276
58276
58278
58280
58286
58287
58289
58292
58298
58300
58300
58301
58304
58306
58311
58316
58321
58321
58322
58330
58341
58342
58342
58351
58354
58362
58363
58364
58366
58372
58376
58384
58385
58392
58398
58419
58435
58435
58439
58446
58447
58452
58458
58462
58462
58464
58465
58466
58469
58469
58473
58473
58473
58480
58493
58498
58508
58509
58512
58514
58520
58521
58522
58525
58529
58533
58545
58556
58557
58561
58563
58567
58568
58569
58573
58577
58583
58591
58598
58598
58612
58612
58613
58620
58621
58623
58626
58631
58633
58636
58649
58656
58658
58663
58665
58666
58670
58672
58678
58678
58681
58695
58698
58705
58712
58715
58721
58722
58722
58725
58726
58727
58731
58742
58743
58750
58757
58760
58763
58770
58778
58780
58783
58792
58797
58809
58811
58832
58834
58835
58840
58848
58850
58853
58853
58857
58858
58872
58876
58883
58883
58884
58886
58906
58908
58908
58912
58920
58921
58924
58930
58933
58934
58936
58941
58946
58946
58951
58959
58959
58961
58962
58965
58966
58971
58971
58973
58974
58976
58981
58981
58996
58998
59011
59011
59015
59019
59022
59024
59029
59041
59044
59048
59055
59060
59063
59065
59068
59081
59084
59097
59100
59104
59107
59109
59111
59112
59123
59124
59126
59132
59132
59134
59139
59140
59146
59151
59155
59155
59159
59160
59165
59182
59183
59191
59196
59197
59208
59209
59211
59212
59219
59220
59220
59225
59228
59229
59234
59237
59239
59244
59252
59256
59260
59260
59270
59273
59274
59277
59282
59282
59284
59287
59289
59289
59290
59292
59296
59297
59304
59313
59315
59333
59339
59356
59359
59363
59364
59366
59373
59375
59379
59379
59380
59396
59396
59398
59403
59405
59408
59410
59412
59413
59415
59417
59420
59436
59443
59458
59459
59464
59467
59467
59470
59471
59471
59471
59481
59483
59484
59485
59486
59486
59491
59498
59498
59500
59502
59506
59509
59509
59515
59530
59531
59538
59549
59550
59551
59552
59554
59563
59569
59570
59572
59577
59579
59584
59586
59586
59588
59590
59593
59596
59597
59600
59605
59610
59613
59615
59621
59626
59627
59627
59628
59633
59633
59635
59636
59640
59643
59646
59646
59650
59653
59658
59658
59658
59659
59662
59665
59673
59681
59684
59685
59686
59690
59691
59697
59708
59710
59718
59719
59725
59726
59731
59733
59738
59738
59741
59746
59755
59756
59761
59769
59769
59770
59773
59777
59777
59779
59783
59786
59788
59789
59798
59799
59806
59816
59823
59829
59839
59849
59856
59856
59861
59871
59871
59876
59881
59885
59892
59898
59907
59908
59910
59910
59910
59928
59935
59937
59939
59940
59941
59943
59943
59953
59967
59970
59975
59995
59998
59999
59999
60000
60007
60010
60011
60017
60018
60018
60034
60053
60062
60068
60072
60073
60076
60079
60086
60096
60102
60104
60104
60105
60107
60113
60117
60121
60123
60124
60129
60135
60150
60151
60159
60161
60163
60167
60170
60171
60173
60177
60185
60200
60202
60217
60224
60230
60234
60244
60245
60248
60256
60257
60260
60260
60260
60263
60266
60267
60270
60278
60278
60279
60280
60286
60288
60298
60298
60307
60313
60315
60317
60317
60324
60327
60336
60338
60345
60352
60352
60353
60354
60355
60358
60359
60367
60377
60389
60392
60394
60395
60402
60405
60407
60410
60420
60420
60425
60426
60435
60459
60461
60463
60464
60465
60473
60483
60486
60487
60492
60493
60496
60508
60511
60511
60514
60515
60518
60522
60532
60536
60550
60552
60552
60556
60558
60572
60572
60573
60575
60579
60579
60584
60588
60595
60600
60602
60602
60602
60608
60608
60612
60616
60617
60623
60625
60626
60629
60629
60630
60632
60633
60643
60653
60654
60655
60656
60658
60662
60663
60679
60680
60681
60682
60684
60689
60690
60691
60694
60699
60706
60708
60710
60722
60727
60728
60729
60736
60736
60739
60746
60747
60750
60758
60766
60766
60768
60775
60779
60781
60791
60793
60799
60801
60807
60811
60817
60821
60824
60825
60846
60851
60860
60868
60868
60877
60883
60886
60889
60898
60900
60905
60918
60923
60923
60925
60934
60938
60945
60945
60949
60950
60956
60964
60966
60969
60970
60982
60989
60992
60993
61000
61003
61008
61010
61019
61023
61028
61045
61050
61056
61060
61067
61072
61077
61089
61089
61093
61100
61110
61114
61118
61127
61127
61129
61130
61134
61135
61139
61149
61152
61158
61159
61161
61163
61170
61171
61175
61176
61179
61187
61189
61190
61192
61197
61202
61204
61206
61207
61213
61215
61222
61228
61235
61236
61238
61241
61243
61243
61246
61248
61250
61251
61256
61257
61266
61277
61288
61290
61295
61304
61307
61309
61317
61324
61329
61339
61345
61345
61352
61372
61380
61380
61380
61382
61388
61397
61404
61411
61421
61425
61428
61429
61429
61433
61442
61447
61451
61456
61457
61458
61463
61464
61467
61468
61481
61495
61504
61507
61510
61517
61521
61530
61545
61550
61550
61552
61555
61563
61573
61584
61585
61589
61591
61595
61605
61611
61618
61620
61621
61622
61627
61629
61632
61637
61638
61639
61646
61647
61659
61660
61670
61677
61681
61687
61691
61694
61700
61701
61701
61701
61708
61711
61714
61717
61719
61723
61725
61725
61728
61728
61733
61742
61742
61744
61749
61750
61762
61763
61767
61772
61775
61777
61778
61784
61789
61790
61791
61796
61797
61798
61801
61804
61804
61808
61810
61811
61816
61826
61826
61829
61831
61831
61834
61840
61852
61861
61870
61870
61880
61881
61881
61890
61890
61890
61892
61910
61918
61923
61926
61928
61929
61933
61937
61938
61943
61949
61954
61960
61967
61973
61975
61982
61984
61988
61988
61996
62000
62002
62012
62031
62033
62034
62034
62034
62035
62036
62040
62042
62042
62042
62047
62053
62059
62067
62070
62073
62080
62082
62087
62091
62099
62110
62111
62112
62116
62119
62122
62123
62135
62140
62153
62162
62165
62175
62180
62189
62194
62196
62202
62202
62208
62210
62221
62228
62229
62235
62238
62239
62242
62244
62246
62246
62246
62250
62250
62256
62256
62262
62268
62274
62278
62279
62280
62287
62290
62293
62294
62296
62304
62304
62306
62310
62315
62315
62323
62327
62328
62329
62329
62334
62336
62345
62347
62351
62358
62361
62364
62365
62367
62372
62374
62374
62381
62384
62388
62389
62389
62390
62394
62397
62402
62412
62413
62416
62422
62428
62428
62437
62439
62440
62440
62441
62442
62450
62451
62452
62469
62473
62484
62484
62493
62498
62511
62513
62515
62524
62526
62534
62535
62540
62542
62542
62543
62545
62550
62551
62557
62557
62570
62570
62577
62580
62580
62588
62601
62615
62619
62622
62627
62637
62645
62648
62651
62655
62655
62656
62657
62666
62674
62675
62688
62689
62695
62698
62698
62701
62708
62729
62741
62742
62750
62756
62756
62758
62761
62762
62766
62767
62769
62771
62778
62780
62781
62784
62798
62806
62811
62813
62823
62824
62828
62833
62846
62851
62856
62864
62867
62867
62870
62871
62886
62888
62888
62899
62904
62906
62907
62907
62908
62912
62914
62919
62922
62925
62932
62935
62939
62939
62940
62941
62949
62950
62953
62954
62956
62958
62959
62972
62972
62976
62983
62986
62994
63002
63007
63010
63014
63016
63018
63021
63028
63029
63031
63032
63032
63046
63055
63056
63056
63056
63060
63062
63066
63079
63079
63083
63083
63089
63095
63099
63102
63113
63118
63118
63120
63125
63132
63137
63144
63151
63151
63151
63152
63164
63167
63168
63169
63172
63175
63184
63187
63188
63196
63199
63201
63203
63205
63208
63214
63219
63220
63224
63224
63224
63224
63226
63233
63251
63252
63253
63264
63269
63277
63278
63284
63290
63293
63294
63296
63308
63316
63330
63334
63336
63336
63338
63350
63355
63371
63372
63378
63378
63381
63386
63386
63389
63389
63393
63393
63397
63410
63410
63414
63422
63427
63430
63437
63439
63448
63450
63451
63454
63464
63464
63469
63469
63473
63480
63482
63489
63490
63490
63491
63491
63501
63513
63515
63518
63542
63542
63548
63550
63551
63568
63587
63605
63606
63609
63610
63613
63613
63619
63622
63624
63625
63640
63641
63642
63645
63648
63648
63654
63661
63664
63664
63665
63666
63667
63669
63672
63687
63692
63693
63695
63697
63708
63713
63713
63721
63724
63725
63726
63733
63733
63741
63742
63748
63754
63754
63755
63756
63756
63761
63764
63765
63777
63777
63778
63780
63782
63783
63789
63791
63791
63802
63825
63827
63829
63831
63834
63844
63844
63846
63847
63848
63854
63859
63859
63871
63871
63873
63874
63874
63885
63885
63889
63890
63892
63899
63913
63915
63917
63917
63920
63921
63923
63934
63948
63951
63951
63952
63956
63957
63964
63968
63971
63979
63983
63986
63991
63991
63992
63992
63996
64000
64002
64008
64012
64016
64018
64020
64026
64028
64029
64038
64042
64044
64047
64047
64050
64051
64058
64065
64071
64088
64094
64094
64099
64105
64108
64112
64117
64120
64125
64127
64128
64134
64136
64143
64143
64146
64155
64170
64176
64176
64187
64194
64197
64198
64202
64209
64211
64213
64239
64243
64243
64247
64249
64253
64259
64267
64269
64283
64283
64284
64285
64285
64290
64296
64297
64299
64301
64301
64311
64312
64313
64313
64314
64320
64321
64325
64327
64328
64329
64332
64336
64338
64342
64346
64347
64355
64370
64375
64386
64389
64396
64398
64403
64404
64405
64407
64412
64413
64416
64417
64423
64431
64446
64446
64448
64452
64461
64467
64472
64472
64474
64475
64476
64480
64481
64482
64486
64486
64499
64500
64502
64506
64509
64515
64516
64518
64520
64524
64525
64527
64529
64529
64533
64534
64538
64540
64541
64541
64574
64577
64578
64585
64588
64599
64606
64609
64615
64617
64621
64622
64627
64629
64631
64643
64646
64653
64654
64662
64679
64683
64683
64685
64687
64691
64695
64698
64704
64706
64708
64711
64714
64718
64718
64719
64720
64724
64730
64730
64732
64735
64742
64743
64747
64759
64770
64773
64773
64774
64781
64782
64786
64786
64792
64797
64804
64807
64807
64814
64816
64823
64828
64833
64842
64845
64847
64847
64856
64856
64867
64869
64876
64876
64885
64888
64895
64897
64905
64938
64941
64943
64947
64948
64949
64952
64955
64959
64968
64976
64976
64979
64980
64987
64987
64989
64990
64991
64995
64997
64998
64999
65005
65006
65012
65015
65022
65026
65028
65032
65034
65037
65047
65060
65061
65076
65079
65079
65080
65082
65105
65105
65108
65110
65117
65123
65125
65126
65128
65136
65141
65151
65152
65153
65154
65154
65157
65159
65160
65166
65171
65180
65184
65187
65190
65191
65194
65197
65200
65215
65221
65234
65237
65240
65242
65253
65256
65266
65277
65280
65289
65291
65295
65301
65302
65303
65304
65304
65308
65318
65325
65328
65331
65338
65338
65342
65344
65346
65347
65353
65357
65359
65366
65366
65367
65378
65378
65383
65384
65390
65404
65404
65409
65420
65421
65423
65429
65433
65434
65442
65444
65468
65472
65481
65485
65486
65486
65495
65497
65498
65508
65514
65514
65531
