156 125 -1
20 17 -4
87 141 -4
20 26 -5
181 80 -7
44 247 -3
136 43 -8
8 164 -8
196 132 47
244 27 181
232 184 50
63 204 68
107 35 209
87 56 235
226 237 60
52 25 51
57 161 95
98 169 3
210 109 135
1 98 162
181 74 90
231 137 39
42 244 74
250 76 130
228 46 111
31 98 136
82 156 41
176 254 211
178 208 64
56 209 162
217 135 236
51 110 117
89 152 106
162 146 182
36 118 228
146 150 71
26 232 227
66 152 225
20 74 177
84 130 131
245 91 10
225 142 120
85 231 16
190 138 162
115 174 24
87 64 174
157 90 150
127 157 46
95 177 120
15 5 250
145 251 86
154 220 228
17 49 204
32 240 86
193 99 4
217 186 68
134 87 159
28 214 60
73 53 237
193 69 243
186 214 238
15 113 202
243 130 251
190 163 235
19 100 79
22 61 9
89 196 97
247 224 55
50 41 109
31 234 178
17 165 136
254 180 249
199 167 124
193 101 31
172 120 131
250 142 193
2 232 133
98 223 101
153 18 142
5 49 121
182 66 30
61 64 210
54 7 122
177 200 223
207 116 88
81 110 230
17 113 206
149 211 174
249 108 192
135 113 241
255 39 51
28 101 115
237 155 122
102 76 66
69 27 183
156 108 37
129 126 150
79 19 106
252 13 214
187 148 72
171 147 111
221 175 212
79 156 111
200 3 187
9 72 214
191 228 67
228 101 193
121 180 212
226 176 225
184 107 117
255 22 8
109 243 183
65 66 84
175 10 87
106 20 159
63 211 131
129 183 232
65 49 157
21 19 77
245 203 185
106 202 207
113 56 195
40 121 5
123 40 16
209 146 36
111 210 247
241 83 175
216 149 224
116 170 243
193 159 191
121 9 137
71 123 193
9 163 58
14 30 99
29 239 245
64 94 199
54 79 27
228 39 176
195 156 90
182 93 249
116 214 3
252 29 126
189 39 33
246 53 63
88 82 46
77 146 140
19 200 219
45 173 2
220 112 158
53 38 251
46 154 209
48 151 239
173 84 22
205 74 75
11 163 157
56 240 47
195 3 247
157 49 164
158 13 21
60 67 59
54 113 214
7 161 109
245 78 193
10 27 11
84 38 174
240 94 158
30 33 162
20 190 211
184 92 224
204 152 35
6 207 148
219 214 53
71 203 131
7 213 158
18 41 196
191 25 34
93 55 67
254 75 1
208 3 94
175 207 246
210 214 197
101 177 155
154 249 102
28 0 59
186 18 100
125 210 125
159 47 180
225 45 256
226 253 3
63 172 211
52 126 169
249 228 90
147 126 83
249 154 84
51 84 102
151 210 56
19 113 103
199 82 148
198 52 145
200 115 62
154 168 188
66 161 160
156 52 30
238 45 185
65 97 13
167 248 223
222 11 80
69 210 163
216 152 215
105 97 75
166 251 243
97 62 148
1 218 200
30 200 246
214 10 87
227 177 79
193 143 90
17 212 45
179 173 197
137 22 38
211 188 34
197 29 96
88 30 58
32 61 2
11 107 247
188 185 185
76 18 202
32 62 125
205 3 6
227 40 218
159 73 159
189 168 248
219 225 24
24 227 45
44 238 152
34 171 81
218 247 99
163 23 162
31 229 165
37 200 205
254 104 23
156 37 191
147 0 161
170 25 132
214 69 114
109 103 29
189 66 20
32 229 44
193 5 17
101 42 217
49 40 65
71 196 102
6 88 103
166 2 128
41 217 197
154 70 44
183 4 110
202 36 84
245 229 89
5 74 131
222 123 171
30 195 111
132 201 199
234 111 202
105 152 163
45 50 233
88 233 237
198 180 17
25 169 246
113 175 64
243 141 188
157 171 127
11 47 72
210 25 183
155 130 79
61 175 129
37 8 107
18 206 31
34 231 200
24 88 119
87 75 4
18 232 176
144 243 223
215 197 249
141 96 123
219 157 43
92 195 51
198 213 1
228 247 232
171 15 64
34 103 139
37 121 115
212 10 102
179 225 44
171 111 140
37 74 42
79 166 237
129 108 194
129 80 185
104 252 201
167 30 48
49 67 169
163 24 179
9 203 149
52 118 4
191 155 78
232 235 245
212 108 97
149 238 178
78 86 174
22 254 204
69 47 15
237 211 39
160 220 242
52 16 104
55 207 4
132 184 239
120 140 91
217 34 73
138 112 160
55 134 158
2 203 205
16 184 160
55 88 124
40 140 140
144 195 92
147 72 20
129 192 160
219 153 194
36 35 50
195 90 184
96 92 131
44 109 60
204 164 148
71 204 33
211 92 228
46 239 44
65 112 237
224 76 134
162 112 170
211 51 4
139 147 97
13 191 206
72 139 114
220 211 62
252 166 155
223 212 138
11 21 251
247 245 71
124 151 183
37 107 234
41 246 125
137 3 60
86 76 200
199 40 155
4 36 65
158 3 21
40 14 42
34 5 31
104 130 183
30 167 34
7 208 24
131 89 27
190 175 103
133 118 143
31 123 179
95 25 183
115 65 197
156 99 203
187 203 77
113 233 244
146 240 197
169 115 30
195 50 206
42 183 68
184 215 191
107 54 217
33 170 26
229 70 126
175 1 73
251 114 51
239 4 35
150 208 114
200 157 156
127 225 84
86 159 191
141 119 224
55 145 198
125 14 117
127 86 113
241 136 96
246 171 19
163 65 227
20 9 129
175 136 98
3 223 1
193 108 121
161 163 10
102 32 24
218 159 110
74 145 247
169 135 162
187 42 227
158 63 236
30 238 116
127 241 83
127 179 191
247 84 98
0 186 131
23 148 34
133 223 179
123 136 58
28 68 101
254 226 164
233 0 146
92 127 132
175 254 55
109 246 139
207 246 69
81 14 217
114 147 184
37 14 65
94 42 133
194 40 103
101 17 103
247 109 230
122 28 228
176 138 218
58 89 209
126 170 223
86 28 114
14 65 128
78 160 170
210 98 210
56 200 227
158 191 80
131 57 109
102 233 247
64 35 80
16 161 250
238 247 22
95 5 88
222 83 248
135 37 90
88 93 34
58 251 225
137 126 26
2 235 38
37 58 54
198 51 36
190 73 131
195 160 97
23 151 232
60 240 64
154 18 122
149 242 3
20 12 249
249 14 228
30 52 31
83 250 82
118 184 155
248 124 59
88 147 210
63 207 195
126 105 213
247 255 199
249 19 211
241 12 226
213 42 22
243 125 16
68 243 201
223 235 69
25 67 216
235 130 167
173 0 17
129 247 16
71 240 35
26 226 47
251 183 89
16 170 214
31 238 201
231 205 180
43 231 247
2 210 121
169 127 121
185 0 112
200 71 96
234 97 66
24 92 249
112 108 163
69 140 146
13 115 95
192 159 70
182 161 24
46 74 151
166 3 151
21 203 223
116 181 64
182 205 157
174 61 9
81 130 149
226 143 9
64 79 168
134 5 73
157 51 148
52 217 151
202 238 99
168 99 24
232 25 230
132 199 35
140 24 166
33 250 53
41 59 133
208 193 138
24 94 190
171 146 151
66 93 134
164 5 233
187 237 2
160 113 201
195 254 226
104 31 220
156 72 23
32 24 216
170 48 55
103 220 201
253 30 38
130 194 44
106 125 25
107 30 139
52 225 137
21 73 168
240 229 240
7 6 8
222 176 56
20 23 20
221 20 50
2 151 244
45 1 114
70 109 144
208 161 113
88 182 186
255 166 159
238 173 165
245 140 85
44 160 108
64 125 129
113 128 24
101 173 25
214 243 134
101 195 39
213 27 221
142 26 132
44 8 49
209 253 189
37 42 94
145 106 219
17 219 91
40 64 9
64 22 252
198 123 192
236 80 219
201 222 246
76 11 254
124 220 252
57 1 38
150 146 144
112 163 107
171 211 13
193 206 211
61 141 191
141 104 136
108 93 212
119 90 81
83 85 138
84 122 32
231 9 144
138 116 91
86 31 46
98 224 253
52 29 138
242 171 242
122 23 79
77 142 170
157 225 255
38 53 122
69 28 131
213 167 247
47 253 22
93 95 247
89 147 20
226 133 191
212 255 214
34 77 100
203 234 69
202 17 123
67 86 151
197 43 62
188 91 59
209 184 154
199 17 45
219 243 179
153 199 178
111 234 255
210 181 234
23 127 251
145 194 81
39 136 125
101 68 216
159 21 144
57 221 161
101 184 148
23 81 92
201 192 70
199 147 251
176 170 123
170 59 61
251 98 197
119 199 9
78 103 31
221 160 252
125 5 180
16 29 5
107 230 198
176 173 89
171 94 3
61 97 4
159 38 123
103 46 201
206 76 166
110 71 35
115 250 52
144 255 159
118 196 80
36 28 251
130 30 32
138 91 129
142 250 167
8 97 214
209 47 34
118 157 106
153 17 100
204 161 99
106 24 39
185 60 67
179 190 97
210 72 188
83 214 183
249 223 24
206 176 72
240 38 229
89 191 246
188 139 152
31 246 176
69 175 236
136 99 170
232 53 242
164 136 201
90 130 168
113 80 88
184 64 126
157 153 62
146 86 201
41 117 191
216 186 111
195 66 210
108 43 7
94 207 144
38 41 18
205 154 98
36 83 163
161 240 60
222 130 146
167 172 7
101 132 194
211 72 4
164 180 47
171 18 254
58 56 39
75 5 194
172 41 21
78 203 5
138 169 135
27 80 51
34 182 184
227 137 256
230 46 180
21 217 199
18 19 255
57 94 5
250 10 46
14 89 249
18 227 163
152 254 243
203 32 169
130 3 51
129 234 97
52 255 58
250 17 77
249 74 171
253 68 181
42 82 14
35 100 241
197 253 240
183 200 16
96 74 20
146 203 254
242 255 253
43 250 14
119 243 89
33 240 157
213 26 240
227 61 84
211 2 81
194 186 25
210 26 99
229 172 46
226 158 46
222 201 40
235 64 27
67 97 11
224 54 37
207 25 99
34 237 101
115 175 31
139 129 57
238 102 229
27 72 131
72 38 76
111 18 140
137 85 237
147 53 36
184 4 61
26 39 42
126 154 218
157 37 91
213 19 194
186 47 10
60 119 49
136 231 67
19 112 152
0 4 206
35 188 210
95 214 249
137 84 147
98 241 185
188 199 204
125 129 251
135 189 115
183 69 90
249 89 202
144 89 206
93 124 138
47 219 96
39 100 181
186 198 166
114 131 109
61 0 238
56 135 172
170 62 241
3 55 74
204 200 163
154 37 31
35 84 251
131 124 95
55 54 38
220 168 169
73 229 169
54 29 49
225 199 111
210 202 167
27 151 111
190 49 148
220 84 233
214 215 101
53 14 155
90 235 67
2 52 40
170 106 70
218 76 13
73 30 216
239 57 111
93 247 160
240 212 244
216 170 204
60 223 218
214 57 197
24 59 249
64 230 100
133 192 176
145 9 206
104 248 7
214 85 255
117 70 211
105 30 125
52 91 93
13 49 150
210 74 210
202 138 184
45 15 120
220 160 130
169 9 122
176 223 208
174 85 22
128 190 52
252 242 143
88 255 193
238 209 11
191 156 149
118 201 164
237 166 68
110 79 77
232 255 45
183 173 130
204 45 64
255 42 50
142 130 49
78 112 3
88 47 159
236 165 104
143 147 14
210 1 94
31 233 93
75 160 11
204 108 56
11 108 98
60 250 229
108 72 85
110 160 133
12 140 42
116 27 189
129 237 191
222 12 168
59 87 73
69 35 181
124 46 33
222 106 27
194 215 99
22 69 3
154 82 143
196 198 170
128 71 152
62 38 164
230 97 252
46 166 31
226 34 78
3 0 184
29 194 143
128 217 213
130 115 39
17 55 237
186 184 52
81 246 90
245 220 187
240 10 97
14 237 132
91 240 132
19 13 71
161 141 32
117 16 147
155 33 203
135 219 131
187 45 121
20 34 86
207 18 96
47 32 77
178 124 61
54 143 75
124 48 216
155 166 232
45 65 9
247 201 229
121 132 18
242 152 52
71 103 70
166 151 102
243 73 226
47 127 113
121 251 162
81 150 72
56 196 137
65 187 82
37 53 214
54 39 111
105 110 214
174 20 109
19 7 183
245 55 54
101 176 50
6 1 200
77 58 140
214 123 72
39 160 125
253 214 164
107 63 18
64 237 38
45 99 246
100 152 92
20 201 98
22 145 176
80 28 134
203 99 173
107 223 170
65 130 21
128 147 86
109 185 3
109 230 102
99 74 254
190 94 200
31 116 89
206 196 117
83 143 217
0 250 184
169 59 59
190 187 206
19 40 135
21 150 109
122 249 183
119 183 22
62 214 138
150 165 79
11 248 222
227 248 217
154 162 20
212 96 208
162 115 248
40 136 142
149 2 135
75 121 62
96 184 21
234 78 186
56 89 178
21 60 171
237 215 77
1 171 173
208 77 32
199 118 168
85 11 170
219 86 35
25 183 219
45 161 42
230 217 131
151 238 192
65 220 151
141 221 66
57 173 144
88 116 6
255 201 17
168 165 103
203 190 30
165 235 191
206 209 152
81 104 135
98 166 56
63 231 114
236 118 202
96 123 202
42 139 114
207 242 61
141 15 227
120 206 177
73 101 2
177 235 18
91 77 184
147 140 160
4 120 22
205 217 146
150 3 29
8 210 15
68 95 31
38 215 237
215 32 82
216 209 62
234 45 139
161 192 24
64 196 144
86 145 105
231 40 108
3 48 62
18 116 157
48 155 116
28 114 148
109 74 102
170 52 147
53 214 83
76 22 23
219 108 168
68 83 208
175 87 256
237 105 117
137 153 16
253 181 130
144 34 204
245 205 1
135 2 215
217 78 237
239 41 90
151 109 173
102 29 4
102 10 109
218 147 6
233 144 187
106 33 222
53 22 171
53 158 173
11 119 251
248 103 36
81 254 146
253 100 175
1 202 185
109 164 76
115 141 221
45 247 254
10 45 20
180 98 178
96 110 42
90 102 145
126 183 143
15 180 243
189 181 190
117 35 98
192 150 240
156 195 231
153 206 20
173 130 119
94 227 229
135 61 75
23 187 2
165 202 182
152 135 108
85 252 143
182 189 37
165 89 232
140 243 182
159 160 57
21 254 28
249 134 89
67 157 21
68 67 223
250 219 103
101 48 99
243 230 32
23 140 122
254 24 109
180 183 13
236 205 11
7 198 145
95 10 47
115 78 114
82 72 77
184 173 125
26 160 99
58 183 239
179 182 7
31 106 191
43 86 140
53 93 82
198 188 92
244 48 171
101 130 243
177 58 161
45 84 65
143 142 249
126 65 175
132 96 25
66 139 111
205 193 204
31 135 136
122 123 184
36 224 58
23 145 116
183 190 201
247 77 87
239 203 153
157 80 249
181 146 133
35 96 70
238 127 205
118 249 72
45 30 40
103 53 185
218 236 119
162 227 196
249 211 144
145 112 224
137 38 114
13 73 210
82 56 81
30 174 75
101 219 105
140 66 158
68 29 138
186 191 109
126 184 64
176 236 212
214 93 225
31 47 52
87 127 82
5 201 184
225 49 68
35 206 137
64 87 67
0 196 193
184 3 206
2 179 186
213 137 24
181 169 71
232 0 198
58 6 144
241 231 193
52 10 144
188 75 231
255 75 171
191 3 175
141 5 98
70 218 236
93 144 149
163 120 149
105 178 155
248 163 130
184 216 141
71 148 216
46 147 35
216 83 38
134 224 44
232 38 6
211 132 150
103 39 15
251 144 193
150 136 101
23 65 61
163 136 209
122 182 101
156 143 184
194 21 152
237 253 190
242 208 66
136 55 106
150 51 250
86 201 131
186 224 196
246 132 76
199 254 3
43 155 146
226 93 167
121 74 165
54 60 117
120 196 173
225 90 224
218 177 169
92 107 137
12 107 42
11 109 85
166 254 55
3 164 176
77 72 230
137 189 94
78 105 63
168 72 26
89 240 118
197 120 150
39 133 1
80 144 110
164 54 108
218 57 16
137 134 89
110 15 22
204 93 127
10 6 199
35 95 183
153 36 47
46 75 180
46 155 68
155 63 122
6 25 179
21 162 57
109 17 73
130 221 166
0 231 172
198 11 12
124 164 48
171 210 124
94 0 23
162 155 87
27 161 112
206 182 19
6 36 36
78 166 1
244 167 232
159 109 243
170 234 151
218 149 105
85 243 105
107 149 4
193 177 165
49 127 92
67 133 128
102 212 38
102 200 205
77 103 59
64 18 37
214 236 186
63 65 173
66 171 111
243 79 160
114 170 227
247 41 73
203 79 175
147 27 252
251 85 60
13 121 19
249 50 82
58 223 249
230 33 164
84 20 244
243 134 158
213 125 200
29 73 23
203 220 50
199 215 136
2 228 1
20 221 52
101 23 19
94 254 52
1 82 72
244 70 206
146 27 75
89 57 148
111 4 113
160 203 72
39 206 45
40 226 10
91 72 34
109 166 32
160 167 114
231 156 184
180 46 212
254 135 13
146 246 17
2 150 221
73 190 171
117 230 141
127 65 213
160 174 123
191 78 35
48 53 191
232 233 237
187 231 116
199 121 106
215 123 256
179 197 190
93 58 164
234 185 229
190 89 147
57 24 225
91 73 22
25 49 255
5 236 231
120 179 96
225 138 220
224 62 161
158 155 219
65 133 149
38 68 238
184 125 7
153 216 80
174 241 129
173 246 109
147 110 32
242 79 170
205 47 232
109 205 132
72 15 9
220 53 77
201 237 202
207 134 162
30 53 147
158 226 137
10 117 247
41 103 70
211 53 118
186 162 67
61 234 82
70 198 135
146 144 117
92 95 251
253 126 48
144 28 18
24 39 135
15 80 239
84 35 36
197 12 28
176 93 98
118 228 245
80 102 83
77 228 131
221 0 148
246 39 27
5 120 9
89 155 44
35 121 241
47 149 161
140 246 24
112 234 30
200 58 132
27 136 104
157 101 105
48 91 144
74 96 8
82 186 164
125 221 29
110 12 178
14 152 169
37 9 147
67 209 206
198 236 86
46 137 187
150 186 23
37 4 119
45 87 49
208 212 14
236 66 26
158 81 179
70 118 188
216 185 141
165 128 122
250 174 3
181 68 189
203 105 194
65 150 25
114 102 237
127 83 48
153 241 129
75 55 247
6 15 177
146 181 49
11 175 223
14 100 35
202 47 140
139 113 35
163 227 137
144 98 220
191 251 205
63 70 4
53 76 20
229 223 201
21 234 120
243 248 221
21 195 12
161 78 125
195 242 96
75 130 195
39 65 190
243 128 5
247 181 81
10 155 48
210 176 27
73 164 19
37 185 214
49 90 37
173 29 23
13 105 153
207 144 218
140 131 90
144 122 15
225 132 170
16 86 91
42 160 255
61 197 184
18 246 19
54 164 48
76 177 153
228 128 41
189 12 173
22 157 39
37 126 172
206 142 2
40 185 162
38 246 104
222 8 94
240 63 2
31 139 179
184 112 51
224 45 64
140 68 221
179 105 91
94 55 233
95 96 162
1 134 152
104 100 161
197 84 224
199 116 107
121 44 219
172 12 9
235 153 77
199 76 182
236 9 10
76 171 11
211 66 115
55 226 57
140 193 256
0 44 121
44 6 37
56 14 16
209 90 215
29 15 248
199 252 2
209 72 173
219 27 239
78 83 210
134 223 147
190 253 12
197 34 68
211 49 22
46 8 51
61 255 251
57 0 204
130 172 167
157 155 245
240 108 123
207 254 256
174 189 254
185 130 32
253 85 81
18 131 89
68 193 89
62 250 89
9 124 6
176 26 161
164 10 13
31 218 11
30 136 200
27 66 74
58 63 160
139 81 35
227 149 228
59 212 223
148 221 91
153 141 117
57 50 128
69 81 90
79 111 226
23 139 36
96 197 99
255 80 180
34 52 74
5 111 30
227 3 251
62 156 137
178 213 187
49 26 12
138 106 123
108 129 6
143 225 204
242 225 28
165 3 80
238 8 192
11 236 195
6 42 96
142 220 53
72 14 80
83 152 186
205 4 59
211 148 28
158 134 253
185 43 256
9 26 9
200 37 245
138 43 31
233 185 251
30 1 9
109 84 162
38 34 166
96 245 58
123 147 192
120 76 236
119 85 6
127 29 43
115 168 87
15 140 176
17 148 29
101 53 67
162 124 21
30 15 213
150 92 192
13 177 197
141 207 239
0 119 69
146 8 85
30 184 102
178 212 203
232 23 83
195 185 207
222 171 110
58 106 124
235 46 9
186 29 9
49 97 155
58 181 185
242 26 108
198 229 84
221 55 23
151 5 238
110 227 154
220 29 4
87 9 51
95 195 80
103 245 177
2 47 103
186 33 129
37 231 102
120 197 157
142 92 163
124 202 134
21 166 164
24 253 173
74 92 112
153 196 101
74 198 148
176 128 181
48 166 157
150 30 98
50 173 190
212 41 136
90 62 47
253 86 44
169 161 137
24 58 77
125 132 19
16 52 147
197 101 57
97 251 88
194 45 5
127 2 46
6 92 108
52 89 194
96 2 99
232 26 158
52 151 34
70 168 87
216 109 188
17 206 183
104 144 228
108 15 230
153 21 66
4 74 155
197 170 157
40 146 184
197 198 79
230 12 247
60 228 100
49 173 94
193 145 202
208 118 99
230 184 103
48 82 45
218 239 85
108 166 26
50 244 256
62 235 61
34 78 52
24 128 226
117 65 115
63 18 233
161 248 161
8 40 244
52 2 227
136 110 137
161 160 125
160 222 104
220 0 183
16 24 55
241 142 120
99 205 138
75 110 130
169 223 171
171 193 51
25 73 212
185 197 117
151 45 81
152 227 97
176 25 82
62 144 181
11 26 1
122 155 237
240 69 204
155 240 141
205 10 214
161 195 155
21 91 200
101 243 171
198 163 196
23 226 85
204 237 111
204 103 10
184 88 79
131 243 64
15 192 74
228 97 13
126 118 104
70 220 91
240 162 255
180 185 225
8 133 206
118 81 54
127 9 142
206 140 129
13 155 65
86 127 163
98 254 25
202 68 245
36 52 151
34 232 81
2 240 214
208 102 40
5 230 49
146 180 190
18 193 89
82 23 217
244 121 215
13 67 27
1 104 79
152 138 56
232 141 40
189 93 143
228 98 117
21 244 41
210 6 234
42 88 1
2 77 122
216 90 190
242 91 38
65 243 176
120 219 61
159 153 154
45 125 252
161 146 240
201 100 246
178 143 79
178 145 156
44 106 246
233 92 81
14 157 69
189 21 32
250 181 185
147 226 55
143 132 201
126 77 46
116 0 189
194 178 78
93 222 184
82 199 21
162 213 178
230 147 200
6 141 125
190 32 95
244 175 227
189 46 49
234 162 49
166 100 227
243 193 194
171 19 137
191 181 95
112 156 242
55 162 127
179 96 159
18 85 79
244 18 125
36 252 31
84 162 131
55 149 68
248 64 87
128 255 12
222 112 168
207 167 74
77 91 171
236 109 256
58 97 18
182 134 14
212 218 176
86 17 69
153 9 134
239 138 133
250 104 245
162 56 157
235 133 248
149 113 101
148 171 198
165 97 76
178 53 39
97 139 56
166 36 66
43 19 204
175 14 52
164 176 108
64 155 242
55 49 99
155 197 15
96 107 112
172 29 166
210 127 49
9 37 86
74 80 105
21 255 119
73 163 39
180 227 195
165 26 244
8 181 185
35 133 195
65 42 149
192 91 158
229 176 233
53 24 254
52 143 71
216 181 252
187 119 161
214 106 169
139 35 191
161 70 69
99 135 111
247 71 202
149 44 122
125 97 147
122 150 34
193 110 215
188 41 79
92 255 185
5 139 220
195 44 35
7 144 170
118 135 242
63 28 30
185 153 128
75 20 22
108 213 132
66 145 173
144 237 173
73 242 56
36 182 100
70 189 244
240 51 124
225 115 152
254 44 50
125 119 70
146 227 27
21 37 172
194 182 153
110 255 140
165 35 66
8 106 255
252 90 51
119 59 166
14 57 210
63 183 73
132 73 44
158 95 81
73 33 7
5 109 53
41 174 61
147 172 57
237 222 176
40 131 191
97 84 254
24 156 131
98 199 33
193 24 107
226 30 77
113 36 186
165 77 104
225 224 20
26 205 243
201 245 118
135 86 203
133 111 103
7 209 47
39 146 71
145 116 101
221 229 137
150 138 214
253 107 182
17 133 131
3 79 120
120 214 207
66 91 62
169 98 15
215 138 161
29 27 21
129 249 250
10 143 132
223 141 239
149 158 117
23 161 196
143 25 154
93 92 246
154 5 88
168 220 226
72 249 254
92 122 247
85 132 134
216 100 19
198 249 177
58 16 82
253 159 108
151 252 200
140 150 205
227 62 169
197 134 162
194 226 28
184 55 161
61 15 5
80 214 254
0 16 14
82 14 174
189 165 170
132 49 65
80 20 127
248 217 6
153 155 232
180 83 32
84 145 47
88 225 5
85 225 22
99 51 36
16 240 201
185 116 250
249 196 14
120 188 232
125 85 131
100 10 215
131 94 104
178 183 73
182 12 42
203 111 94
77 182 58
194 175 51
134 189 171
67 164 40
152 38 141
162 252 16
1 99 194
184 171 121
196 213 68
52 50 51
179 127 233
236 65 153
31 200 86
201 11 250
241 163 32
125 70 29
140 71 128
78 255 44
198 195 1
9 247 51
59 171 178
36 151 244
188 182 188
17 128 199
10 113 106
41 238 176
69 122 247
197 200 246
240 142 186
240 152 177
34 211 92
211 247 244
198 179 170
129 196 42
71 206 155
177 248 137
96 61 4
87 2 204
76 242 91
5 226 243
182 4 198
17 216 190
4 158 113
174 32 54
215 103 4
114 24 252
250 121 58
253 208 60
201 28 47
35 34 17
21 216 22
218 233 238
139 8 157
171 61 116
19 64 230
43 60 225
164 117 222
116 176 167
145 222 202
179 239 223
139 4 186
116 241 81
98 124 89
254 40 150
114 59 215
87 102 19
55 11 136
21 127 56
187 16 23
133 195 6
99 78 10
28 195 251
109 37 119
197 36 159
91 150 218
49 237 65
67 37 76
202 58 203
1 245 220
23 122 159
28 222 238
37 250 177
31 103 214
150 45 250
52 136 144
14 185 126
78 252 163
153 198 221
99 199 210
62 223 77
221 251 43
202 33 37
122 64 141
79 214 186
73 11 66
216 25 251
85 103 247
247 0 189
211 99 132
165 162 99
241 127 95
27 73 128
63 195 192
203 18 151
132 91 162
197 52 187
191 137 34
181 129 34
113 84 133
245 249 39
87 234 166
181 5 239
52 69 178
244 16 197
138 149 32
43 90 84
229 26 222
94 39 66
178 171 55
172 210 142
150 119 68
156 102 120
225 23 108
241 219 246
134 251 33
225 78 6
251 43 12
202 137 51
11 60 223
65 232 177
207 126 40
18 26 142
137 251 166
245 237 129
234 115 124
11 84 203
16 79 246
28 26 128
78 37 188
44 103 164
220 54 34
4 72 61
145 209 56
54 198 37
183 177 153
50 188 237
252 204 61
242 232 87
113 55 124
44 99 227
207 64 25
240 68 97
44 213 51
100 12 249
136 195 170
32 245 102
13 242 51
73 228 27
159 85 82
26 129 182
253 80 246
21 64 58
118 109 15
168 209 27
160 89 222
74 122 212
175 135 198
225 208 170
252 111 255
77 137 128
2 134 208
247 156 16
48 18 125
63 186 78
89 90 168
55 164 34
10 84 169
207 53 121
120 49 232
118 127 113
245 129 248
196 121 148
211 169 166
80 232 96
157 66 186
68 121 95
101 131 179
13 82 232
133 202 26
108 64 153
221 53 26
212 249 147
103 204 61
12 28 37
107 186 103
36 254 224
130 100 99
52 113 181
28 247 127
53 99 191
205 64 244
230 20 237
121 123 186
181 135 214
217 242 144
64 23 143
31 153 243
130 206 100
54 234 91
181 31 191
115 236 255
103 210 20
83 75 143
12 0 23
226 218 9
