28 29 -3
20 17 -3
23 13 -1
20 26 -2
21 16 -1
12 23 6
8 11 9
8 4 17
14 20 28
20 8 25
17 31 13
3 11 4
16 23 25
10 2 14
27 20 26
18 25 2
30 2 10
2 18 14
6 1 3
1 21 11
25 7 10
6 10 21
9 26 13
1 4 15
14 31 3
7 18 29
8 16 31
16 31 25
17 1 26
7 11 20
25 24 10
21 4 23
3 18 23
6 26 9
24 0 21
10 16 21
21 27 10
1 14 24
21 7 16
30 10 2
19 14 24
23 0 14
29 26 22
31 29 14
31 17 24
15 5 26
17 27 22
26 28 4
11 0 17
21 1 4
3 25 27
3 6 24
30 28 23
27 9 22
12 1 6
18 26 23
13 15 18
9 19 3
26 30 4
10 19 5
14 22 30
8 25 5
0 23 1
22 18 10
12 31 11
5 7 31
20 24 8
7 27 2
5 30 13
24 2 27
14 0 3
2 31 5
25 18 14
5 17 25
22 2 30
29 0 18
22 7 26
17 8 31
15 20 24
17 14 6
13 21 20
13 25 13
31 7 18
28 5 19
13 27 26
6 12 2
5 27 23
28 12 5
1 30 22
15 19 10
28 13 22
29 15 20
15 28 15
8 3 27
9 8 22
31 4 3
4 5 1
25 20 20
2 16 1
24 11 21
31 22 8
13 19 23
1 2 20
15 10 23
10 20 31
31 19 3
1 23 8
1 17 29
21 19 13
21 11 25
14 17 25
2 8 26
4 27 9
15 17 19
3 15 19
22 17 20
14 24 22
31 20 11
18 1 32
30 25 10
8 7 28
0 9 4
25 14 31
2 29 16
20 0 31
6 22 16
26 4 8
15 3 29
25 22 30
24 20 23
2 28 30
7 0 23
21 30 25
18 13 14
18 11 20
8 26 14
13 1 29
16 29 22
14 26 17
14 13 21
21 13 11
10 11 4
28 24 17
14 3 4
22 29 18
3 30 14
20 28 4
26 22 18
1 12 22
10 27 11
20 6 14
16 30 30
30 1 2
20 30 19
24 28 32
12 24 3
6 15 20
27 22 21
2 7 22
29 18 10
