13 37
62 1
18 35
20 5
9 52
38 19
4 11
20 1
47 2
2 40
56 3
16 8
3 0
17 53
18 27
21 31
0 19
33 19
54 53
24 63
41 63
18 45
10 39
47 58
41 49
34 33
53 50
41 56
50 58
46 5
21 3
36 22
22 5
41 13
58 1
12 35
0 31
17 11
6 0
5 47
49 39
16 38
25 57
31 12
51 13
17 8
16 53
30 38
59 7
51 53
9 0
25 9
31 42
20 37
42 25
20 27
0 36
2 26
29 33
38 16
46 55
24 62
44 55
36 39
62 24
29 7
24 54
17 55
32 37
28 10
63 48
37 63
20 39
25 49
8 63
1 54
54 25
52 35
16 25
10 15
22 9
29 39
0 61
13 28
7 12
12 45
11 32
17 29
36 18
19 27
43 8
62 60
33 8
11 18
48 33
27 13
9 27
11 22
55 18
34 3
63 45
35 20
18 52
49 55
6 4
18 49
12 16
24 56
63 8
22 35
53 33
57 44
51 27
47 51
8 18
7 27
6 56
18 12
60 36
62 9
52 43
54 12
36 54
21 62
16 43
33 6
12 26
50 63
53 34
50 61
52 57
24 59
49 42
7 46
14 5
55 2
49 45
15 21
35 36
19 52
15 52
58 27
14 44
26 3
14 13
0 3
6 25
62 56
3 5
38 18
11 29
20 60
10 35
17 46
7 36
34 22
24 28
49 38
8 12
41 23
25 41
26 31
2 24
23 6
29 61
24 40
26 44
36 37
19 23
25 53
46 49
17 31
23 25
43 0
48 4
42 10
36 44
34 59
50 0
57 10
40 19
55 13
56 7
2 11
30 28
0 12
13 17
44 37
43 23
37 27
28 15
38 0
60 8
59 46
8 52
57 49
8 48
62 0
55 0
12 21
28 12
34 42
30 14
15 9
37 52
36 1
4 10
1 0
19 61
46 27
12 57
23 10
58 14
11 6
18 6
17 48
20 32
21 30
59 25
40 60
25 59
57 7
23 43
47 35
36 6
46 30
21 57
36 57
32 55
63 50
39 19
18 33
12 39
63 7
0 39
4 25
35 61
33 58
40 16
29 13
22 11
4 16
7 35
23 46
54 41
15 3
17 14
10 17
54 14
43 25
28 48
1 50
60 45
30 0
61 2
37 4
38 60
50 28
38 2
31 55
16 42
8 6
56 51
31 4
57 27
35 58
14 31
39 44
31 36
40 20
1 27
29 16
30 45
58 39
52 51
26 19
55 26
6 48
53 41
43 3
47 39
55 30
44 31
50 46
58 35
21 23
5 46
27 57
33 53
12 25
15 18
9 5
59 52
8 3
7 56
43 62
22 23
29 8
5 24
44 27
47 32
14 42
45 48
31 58
9 47
12 18
52 8
7 60
11 14
52 54
12 10
14 41
1 63
31 61
37 45
13 38
57 42
33 0
38 45
14 27
35 26
37 49
3 56
55 51
54 22
49 27
4 24
46 33
31 59
8 21
21 1
63 54
1 38
35 15
1 7
41 38
56 44
49 22
45 34
3 49
58 49
18 26
45 26
27 47
56 28
21 28
43 22
60 27
25 50
50 10
44 29
14 34
0 59
61 48
61 24
31 54
53 52
18 32
10 53
53 6
16 54
34 41
51 2
51 31
31 3
6 46
37 6
41 34
54 39
59 21
29 48
16 19
36 5
26 52
59 60
30 36
16 17
38 3
49 6
6 55
61 29
14 52
4 9
9 33
