102
138
139
165
186
215
217
238
240
261
265
340
358
362
372
402
407
547
551
613
748
772
817
829
855
915
932
937
984
996
1111
1119
1161
1169
1183
1229
1256
1295
1327
1328
1347
1419
1537
1549
1603
1655
1673
1724
1729
1788
1796
1827
1850
1882
1923
1943
1986
2029
2089
2097
2097
2097
2151
2252
2257
2302
2303
2347
2360
2361
2385
2388
2425
2496
2545
2590
2604
2619
2625
2654
2658
2697
2876
2904
2954
3021
3039
3045
3066
3091
3140
3142
3157
3176
3181
3182
3203
3304
3400
3509
3631
3637
3704
3724
3735
3738
3761
3813
3834
3844
3888
3903
3903
3917
3930
3936
4072
4118
4209
4223
4225
4226
4233
4283
4293
4363
4402
4435
4450
4482
4530
4543
4548
4611
4637
4641
4648
4665
4766
4783
4805
4875
4883
4928
4933
4938
4940
4962
5023
5036
5058
5061
5071
5100
5140
5176
5236
5244
5252
5265
5268
5392
5392
5400
5411
5444
5452
5484
5540
5544
5546
5604
5639
5711
5735
5773
5827
5864
5873
5891
5929
5929
5999
6077
6120
6126
6126
6126
6142
6145
6192
6268
6275
6304
6318
6320
6372
6380
6400
6471
6647
6668
6674
6753
6769
6775
6825
6842
6865
6914
6915
6928
6966
7028
7055
7063
7097
7140
7146
7168
7235
7236
7284
7314
7321
7387
7421
7491
7501
7518
7568
7642
7644
7740
7750
7864
7914
7987
7999
8001
8004
8005
8098
8108
8125
8128
8155
8243
8249
8255
8265
8270
8274
8296
8353
8358
8359
8363
8381
8397
8426
8497
8510
8527
8547
8557
8568
8613
8639
8657
8664
8665
8684
8713
8722
8728
8752
8805
8814
8836
8883
8959
8972
9016
9078
9086
9097
9114
9174
9187
9187
9245
9371
9396
9397
9413
9424
9448
9467
9479
9596
9636
9730
9796
9816
9820
9849
9867
9902
9932
9948
9970
10075
10117
10136
10141
10177
10199
10239
10325
10338
10357
10386
10450
10487
10500
10509
10541
10602
10639
10650
10651
10714
10731
10737
10793
10806
10822
10876
10903
10958
10978
10978
10994
10997
11002
11003
11055
11077
11098
11099
11132
11178
11218
11232
11250
11296
11309
11340
11353
11407
11426
11431
11471
11471
11493
11502
11508
11637
11709
11723
11724
11791
11846
11883
11884
11917
11933
12009
12013
12029
12035
12037
12038
12039
12041
12071
12094
12100
12113
12169
12184
12321
12323
12370
12378
12458
12469
12471
12647
12689
12696
12700
12727
12748
12781
12816
12821
12828
12883
12897
12901
12947
12948
12955
12973
12983
13069
13110
13118
13144
13174
13188
13247
13274
13283
13287
13312
13319
13331
13337
13357
13370
13377
13389
13450
13461
13470
13491
13527
13597
13628
13659
13664
13684
13690
13711
13766
13823
13842
13876
13909
13951
14022
14032
14075
14091
14272
14333
14357
14416
14441
14514
14558
14579
14684
14758
14776
14811
14846
14909
14924
14939
14978
15013
15030
15055
15189
15231
15239
15265
15284
15300
15340
15375
15403
15422
15485
15541
15557
15649
15689
15777
15777
15893
15912
15924
15978
16023
16063
16082
16088
16104
16131
16133
16168
16248
16264
16295
16313
16316
16321
16330
16361
16390
16445
16447
16568
16581
16659
16665
16668
16672
16774
16789
16796
16866
16890
16913
16935
17017
17028
17037
17103
17203
17249
17310
17324
17328
17343
17375
17412
17420
17461
17507
17532
17541
17549
17551
17557
17607
17627
17634
17647
17670
17675
17718
17721
17742
17790
17856
17886
17901
17914
17926
17940
17964
17995
18028
18086
18098
18125
18203
18255
18281
18355
18380
18455
18523
18528
18534
18563
18605
18682
18703
18734
18759
18770
18770
18830
18871
18887
18994
19064
19075
19080
19118
19154
19162
19194
19214
19245
19287
19444
19484
19516
19520
19547
19603
19663
19699
19715
19755
19839
19874
19898
19902
19941
20035
20094
20149
20158
20172
20184
20218
20264
20298
20303
20304
20335
20395
20400
20415
20440
20480
20505
20528
20558
20563
20578
20584
20585
20605
20642
20753
20754
20826
20854
20904
20905
20951
21055
21071
21111
21166
21196
21217
21238
21278
21342
21384
21418
21447
21472
21503
21509
21512
21513
21551
21621
21635
21646
21651
21692
21700
21708
21747
21766
21768
21775
21815
21841
21869
21919
21934
21969
22012
22109
22119
22152
22174
22191
22254
22283
22289
22325
22355
22373
22408
22417
22419
22447
22508
22566
22683
22699
22712
22749
22766
22771
22807
22860
22868
22935
22986
23034
23073
23081
23082
23096
23131
23133
23206
23297
23313
23358
23405
23430
23448
23449
23510
23521
23523
23524
23556
23569
23632
23640
23665
23750
23780
23827
23876
23899
23934
23947
23956
23972
23986
24076
24138
24167
24243
24342
24361
24372
24392
24396
24424
24476
24502
24524
24529
24569
24576
24593
24598
24658
24774
24785
24827
24887
24901
24903
24904
24918
24936
24969
24971
25009
25016
25077
25082
25091
25147
25155
25169
25169
25206
25212
25230
25238
25270
25310
25394
25409
25418
25444
25480
25500
25591
25633
25654
25679
25726
25742
25759
25842
25843
25866
25889
25907
25958
25971
26013
26023
26067
26138
26152
26164
26166
26196
26209
26236
26237
26252
26262
26297
26307
26364
26386
26391
26398
26415
26439
26465
26471
26482
26529
26533
26566
26596
26618
26680
26816
26848
26851
26855
26886
26894
26906
26906
27009
27009
27020
27107
27117
27125
27199
27226
27259
27263
27267
27285
27302
27303
27319
27347
27352
27357
27376
27399
27433
27436
27439
27471
27476
27526
27742
27784
27797
27835
27857
27860
27885
27890
27893
27951
27967
28008
28074
28140
28181
28305
28322
28329
28350
28447
28455
28470
28513
28610
28636
28643
28663
28738
28752
28760
28794
28794
28837
28841
28861
28968
28975
29020
29027
29031
29109
29203
29216
29262
29263
29276
29278
29282
29298
29328
29348
29406
29446
29523
29545
29617
29661
29682
29692
29695
29716
29788
29868
29937
29940
29950
29956
29997
30045
30054
30139
30259
30274
30321
30325
30388
30412
30435
30449
30526
30536
30555
30577
30582
30584
30604
30627
30636
30640
30658
30717
30731
30798
30804
30810
30830
30895
30911
30914
30973
30976
30999
31017
31120
31150
31151
31169
31179
31276
31319
31320
31347
31376
31404
31441
31441
31461
31475
31496
31502
31567
31624
31632
31641
31649
31656
31656
31666
31669
31677
31690
31699
31728
31791
31793
31843
31874
31890
31952
31964
31982
31994
32002
32020
32040
32054
32061
32063
32092
32110
32123
32136
32148
32148
32166
32173
32186
32275
32374
32425
32443
32457
32471
32489
32521
32531
32583
32610
32615
32626
32629
32633
32657
32670
32734
32750
32757
32797
32803
32826
32885
32932
32960
33014
33031
33078
33085
33092
33110
33129
33168
33209
33337
33385
33483
33508
33510
33510
33579
33600
33609
33631
33650
33678
33679
33689
33713
33733
33790
33803
33890
33892
33895
33897
34008
34034
34034
34075
34091
34122
34139
34162
34164
34174
34180
34238
34245
34269
34284
34300
34385
34395
34415
34463
34477
34501
34586
34623
34698
34740
34760
34765
34802
34808
34812
34833
34922
34936
35053
35104
35110
35121
35275
35285
35290
35307
35340
35471
35512
35546
35549
35559
35560
35596
35603
35618
35624
35633
35636
35651
35664
35703
35716
35720
35732
35734
35740
35743
35770
35802
35814
35871
35909
35920
35939
35940
36005
36012
36042
36071
36114
36174
36221
36260
36297
36341
36390
36404
36411
36411
36436
36444
36457
36555
36615
36635
36691
36722
36734
36767
36813
36821
36893
37034
37042
37095
37114
37146
37171
37230
37244
37292
37352
37416
37469
37470
37480
37530
37609
37654
37772
37796
37826
37834
37870
37877
37938
38007
38013
38025
38030
38036
38060
38104
38115
38146
38194
38207
38256
38259
38263
38263
38484
38574
38631
38634
38707
38762
38769
38910
38945
39048
39164
39229
39251
39253
39290
39382
39425
39479
39488
39528
39623
39692
39748
39787
39788
39803
39861
39862
39929
39962
39965
39967
39981
39982
39990
39995
40027
40076
40196
40199
40251
40286
40296
40299
40329
40353
40363
40368
40381
40453
40503
40504
40549
40557
40604
40666
40702
40711
40717
40764
40773
40791
40830
40857
40881
40884
40898
40917
40973
40980
41029
41037
41123
41126
41126
41201
41204
41264
41287
41292
41318
41339
41353
41424
41449
41450
41453
41496
41584
41635
41636
41877
41975
41985
41989
41996
42011
42013
42026
42055
42070
42103
42148
42250
42255
42255
42280
42286
42311
42313
42321
42321
42375
42426
42438
42450
42502
42504
42548
42580
42596
42664
42688
42697
42728
42744
42746
42759
42796
42912
42921
42946
42950
42990
43008
43050
43070
43071
43104
43115
43132
43142
43151
43163
43167
43186
43190
43194
43254
43325
43326
43330
43368
43387
43396
43405
43432
43518
43578
43604
43611
43651
43659
43753
43759
43783
43888
43907
43908
43918
43998
44007
44010
44010
44042
44043
44058
44087
44123
44173
44205
44223
44252
44401
44406
44417
44440
44469
44482
44536
44555
44589
44636
44754
44788
44809
44817
44825
44841
44930
44980
45050
45083
45117
45119
45189
45190
45211
45217
45272
45352
45366
45376
45411
45470
45549
45551
45625
45626
45658
45716
45831
45967
45967
46033
46059
46080
46087
46112
46188
46190
46218
46268
46280
46290
46328
46333
46411
46421
46439
46524
46554
46589
46596
46608
46624
46637
46639
46650
46668
46696
46712
46739
46843
46846
46867
46893
46914
46946
47031
47036
47047
47067
47069
47138
47152
47247
47254
47272
47291
47319
47322
47355
47406
47480
47483
47490
47504
47514
47541
47561
47588
47617
47618
47620
47664
47702
47734
47745
47783
47813
47821
47907
47944
47969
47980
48027
48057
48075
48122
48150
48291
48299
48309
48316
48336
48419
48501
48538
48562
48589
48691
48720
48750
48761
48778
48794
48809
48874
48945
48976
48981
48988
48999
49034
49068
49081
49085
49093
49094
49107
49111
49155
49181
49198
49214
49217
49219
49240
49290
49298
49334
49409
49433
49478
49483
49580
49583
49635
49663
49764
49891
49900
49972
50025
50026
50038
50048
50050
50059
50064
50066
50102
50102
50109
50155
50161
50258
50261
50263
50275
50298
50414
50475
50476
50554
50670
50671
50722
50737
50737
50850
50865
50883
50884
50887
50955
51048
51054
51073
51188
51208
51395
51407
51410
51444
51504
51520
51534
51537
51631
51635
51670
51677
51689
51728
51791
51793
51794
51819
51830
51851
51857
52088
52110
52150
52152
52170
52197
52219
52228
52251
52282
52324
52352
52429
52438
52448
52489
52501
52534
52571
52580
52591
52641
52704
52762
52867
52889
52915
53008
53043
53043
53048
53059
53095
53104
53129
53150
53166
53206
53230
53258
53267
53271
53274
53303
53375
53423
53425
53504
53520
53581
53610
53624
53667
53710
53714
53765
53784
53784
53821
53836
53912
53915
53964
54053
54070
54079
54160
54213
54224
54226
54237
54275
54281
54369
54382
54386
54473
54502
54504
54530
54555
54561
54577
54601
54669
54691
54764
54854
54938
54943
54977
55027
55110
55283
55285
55407
55417
55419
55432
55440
55451
55486
55515
55515
55527
55570
55678
55693
55705
55743
55750
55777
55832
55847
55899
55952
55955
55977
56018
56039
56064
56065
56069
56085
56132
56162
56188
56220
56255
56307
56320
56357
56409
56427
56442
56497
56506
56528
56541
56577
56582
56585
56599
56618
56654
56662
56693
56698
56733
56739
56743
56794
56811
56812
56833
56861
56891
56995
56995
56997
57021
57044
57067
57122
57156
57156
57207
57209
57243
57246
57292
57368
57373
57431
57439
57443
57476
57489
57492
57507
57507
57511
57537
57606
57607
57637
57704
57718
57724
57725
57727
57857
57868
57930
57982
58001
58025
58096
58165
58201
58230
58261
58330
58341
58362
58563
58569
58658
58715
58721
58731
58743
58750
58850
58884
58921
58962
59011
59015
59022
59048
59063
59109
59132
59140
59165
59191
59220
59237
59270
59396
59436
59464
59470
59569
59659
59681
59686
59731
59741
59769
59799
59816
59910
59928
59998
59999
60062
60068
60102
60107
60113
60244
60278
60315
60463
60473
60486
60515
60579
60602
60632
60653
60679
60681
60750
60768
60791
60824
60868
60898
60923
60956
61019
61134
61170
61175
61207
61243
61256
61257
61290
61304
61380
61380
61442
61495
61504
61507
61517
61552
61691
61701
61711
61778
61808
61881
61910
61923
61938
61988
62034
62034
62040
62135
62162
62202
62208
62238
62304
62367
62384
62394
62397
62412
62442
62451
62473
62542
62543
62557
62627
62675
62698
62781
62784
62870
62886
62908
62912
62932
62976
62986
63002
63079
63172
63184
63205
63208
63214
63334
63451
63501
63513
63568
63622
63624
63640
63661
63697
63755
63778
63825
63873
63885
63915
64008
64020
64042
64047
64051
64065
64099
64134
64143
64170
64259
64290
64312
64336
64403
64416
64423
64480
64520
64529
64533
64540
64577
64627
64706
64742
64786
64814
64823
64845
64847
64897
64955
64976
64976
65152
65154
65171
65180
65215
65221
65277
65325
65338
65367
65434
65472
65485
65495
