13 5
30 1
18 3
20 5
9 20
6 19
4 11
20 1
15 2
2 8
24 3
16 8
3 0
17 21
18 27
21 31
0 19
1 19
22 21
24 31
9 31
18 13
10 7
15 26
9 17
2 1
21 18
9 24
18 26
14 5
21 3
4 22
22 5
9 13
26 1
12 3
0 31
17 11
6 0
5 15
17 7
16 6
31 12
19 13
17 8
16 21
30 6
27 7
19 21
9 0
25 9
31 10
10 25
20 27
0 4
2 26
29 1
6 16
14 23
24 30
12 23
4 7
30 24
29 7
24 22
17 23
0 5
28 10
31 16
5 31
20 7
25 17
8 31
1 22
22 25
20 3
16 25
10 15
22 9
0 29
13 28
7 12
12 13
11 0
17 29
4 18
19 27
11 8
30 28
1 8
11 18
16 1
27 13
9 27
11 22
23 18
2 3
31 13
3 20
18 20
6 4
18 17
12 16
31 8
22 3
21 1
25 12
15 19
8 18
7 27
6 24
18 12
28 4
30 9
20 11
22 12
21 30
16 11
1 6
12 26
18 31
21 2
18 29
20 25
24 27
17 10
7 14
23 2
17 13
15 21
3 4
19 20
15 20
26 27
14 12
26 3
14 13
0 3
6 25
3 5
6 18
11 29
20 28
10 3
17 14
7 4
2 22
24 28
17 6
8 12
9 23
26 31
2 24
23 6
24 8
26 12
4 5
19 23
25 21
14 17
