28 61 -3
20 17 -4
23 13 -6
20 26 -1
53 16 -5
44 55 -1
8 43 41
8 36 49
46 52 28
52 40 57
49 63 13
3 43 36
16 23 57
42 34 46
59 52 26
50 57 34
30 34 42
2 18 46
6 1 35
33 53 11
25 39 10
38 42 53
9 58 13
1 36 47
46 31 35
7 18 29
40 48 63
18 50 17
63 56 18
33 25 8
43 51 47
52 25 25
41 34 19
53 36 55
35 18 23
6 26 41
34 2 25
32 20 11
48 20 3
2 53 28
9 33 15
55 21 40
15 62 11
33 51 47
0 45 30
26 21 64
29 45 32
49 55 16
5 57 18
59 21 27
28 35 18
49 11 33
48 21 2
35 3 26
58 3 7
23 30 29
22 59 10
53 44 2
5 50 59
22 45 16
49 9 52
2 58 63
35 42 20
36 14 23
61 8 26
4 32 56
32 54 51
41 44 32
42 49 18
37 7 63
52 56 8
39 59 2
37 30 45
56 2 59
14 0 3
40 4 35
31 36 26
18 13 6
49 56 55
2 29 62
0 17 55
7 57 50
8 30 16
52 23 18
46 37 18
49 13 22
19 45 58
44 63 8
49 48 64
39 50 29
37 50 46
27 57 39
12 1 6
27 54 29
44 36 2
62 21 16
19 41 61
13 21 60
20 7 44
19 46 30
47 19 16
28 46 9
3 58 10
8 21 64
36 2 37
37 0 58
52 19 35
48 32 57
43 52 64
22 7 46
51 54 2
2 19 48
10 22 43
20 30 64
19 2 2
55 39 2
49 28 22
19 12 54
11 56 43
10 14 50
40 57 5
59 40 16
17 18 36
47 18 55
49 19 47
24 21 32
52 42 51
1 31 63
57 9 9
7 59 1
9 35 58
14 30 35
29 47 53
0 30 7
54 15 27
36 39 48
3 28 26
54 29 57
52 22 3
60 29 62
61 39 33
54 53 63
24 18 46
13 18 12
19 8 27
1 28 49
29 53 39
58 46 27
16 48 24
46 45 21
21 13 11
10 11 36
28 56 49
46 3 4
49 35 31
13 20 61
54 49 22
7 33 45
53 14 1
10 27 11
20 38 46
48 30 30
30 33 34
20 62 19
56 28 32
12 24 35
6 15 20
27 22 53
7 11 3
7 21 30
18 41 4
63 25 34
29 55 3
62 11 1
16 3 30
47 15 54
18 22 5
37 49 27
26 57 38
28 0 59
58 18 36
61 18 61
31 47 52
33 45 64
34 61 3
63 44 19
52 62 41
57 36 26
19 62 19
57 26 20
51 20 38
23 18 56
19 49 39
19 6 53
16 8 52
61 26 41
59 2 34
31 28 53
29 46 46
56 1 34
12 39 57
11 15 6
18 34 25
24 22 42
33 10 39
59 50 34
62 19 2
26 7 31
8 53 23
35 49 15
1 15 26
17 20 45
51 45 5
9 22 38
19 60 34
5 29 32
24 30 58
32 61 2
21 19 12
43 54 61
57 56 13
18 9 33
62 60 14
3 5 36
40 25 32
9 30 62
40 55 28
33 23 25
35 44 45
46 23 35
43 16 27
55 34 36
23 33 32
37 36 38
8 12 63
40 22 29
37 62 20
0 32 43
25 3 23
5 49 46
39 28 62
32 37 44
1 5 17
37 42 25
49 40 1
7 4 38
6 24 39
38 2 64
41 25 5
26 6 44
55 4 46
10 36 20
53 37 25
5 10 3
30 59 43
30 3 47
4 9 7
42 47 10
41 24 35
45 50 41
24 41 45
6 52 17
25 41 54
49 47 64
51 13 60
29 43 63
11 47 8
18 25 55
27 2 15
61 47 1
37 8 43
18 14 31
34 39 8
54 23 12
3 18 41
47 16 52
30 23 6
56 13 33
58 27 30
42 28 4
50 6 22
0 36 56
39 43 16
63 34 40
10 37 58
50 20 11
37 51 34
47 11 38
10 41 16
38 44 2
44 1 2
16 56 41
60 8 40
30 47 50
3 40 36
24 50 10
11 20 53
54 3 64
27 13 41
20 44 33
21 46 50
14 22 46
22 62 12
5 47 15
45 19 39
32 28 50
52 16 40
55 15 4
4 56 47
56 12 27
25 34 9
10 48 32
55 6 30
2 11 13
31 55 25
12 11 17
3 27 20
8 19 2
0 31 28
25 1 37
3 26 56
2 44 46
59 12 37
19 7 13
32 19 29
35 46 48
43 1 49
44 32 13
5 34 49
41 19 52
3 11 20
32 13 64
13 8 12
19 61 61
38 26 32
20 9 12
21 58 56
53 6 61
23 54 38
43 41 42
54 60 10
3 59 23
12 7 8
40 26 5
36 0 31
3 20 41
14 41 35
5 30 41
2 54 31
39 33 8
3 25 27
62 47 39
5 54 15
31 59 51
31 25 55
51 1 5
10 59 12
12 49 42
51 18 49
4 41 52
29 3 51
13 42 56
3 56 24
62 43 55
24 33 43
25 37 7
1 8 60
47 4 35
22 16 50
8 29 28
63 33 20
22 31 63
13 55 32
55 17 6
61 14 53
63 22 49
49 8 32
54 43 19
35 1 35
0 47 9
33 3 32
0 1 45
56 33 36
9 38 33
