28 125 -3
20 17 -5
87 13 -5
20 26 -2
53 80 -7
44 119 -4
8 43 -5
8 36 113
68 4 47
116 27 53
104 56 50
63 76 68
107 35 81
87 56 107
98 109 60
52 25 51
57 33 95
98 41 3
82 109 7
1 98 34
53 74 90
103 9 39
42 116 74
122 76 2
100 46 111
31 98 8
82 28 41
48 126 83
50 80 64
56 81 34
89 7 108
51 110 117
89 24 106
34 18 54
36 118 100
18 22 71
26 104 99
66 24 97
20 74 49
84 2 3
117 91 10
97 14 120
85 103 16
62 10 34
115 46 24
87 64 46
29 90 22
127 29 46
95 49 120
15 5 122
17 123 86
26 92 100
17 49 76
32 112 86
65 99 4
89 58 68
6 87 31
28 86 60
73 53 109
65 69 115
58 86 110
15 113 74
115 2 123
62 35 107
19 100 79
22 61 9
89 68 97
119 96 55
50 41 109
31 106 50
17 37 8
126 52 121
71 39 124
65 101 31
44 120 3
122 14 65
2 104 5
98 95 101
25 18 14
5 49 121
54 66 30
61 64 82
54 7 122
49 72 95
79 116 88
81 110 102
17 113 78
21 83 46
121 108 64
7 113 113
127 39 51
28 101 115
109 27 122
102 76 66
69 27 55
28 108 37
1 126 22
79 19 106
124 13 86
59 20 72
43 19 111
93 47 84
79 28 111
72 3 59
9 72 86
63 100 67
100 101 65
121 52 84
98 48 97
56 107 117
127 22 8
109 115 55
65 66 84
47 10 87
106 20 31
63 83 3
1 55 104
65 49 29
21 19 77
117 75 57
106 74 79
113 56 67
40 121 5
123 40 16
81 18 36
111 82 119
113 83 47
88 21 96
116 42 115
65 31 63
121 9 9
71 123 65
9 35 58
14 30 99
29 111 117
64 94 71
54 79 27
100 39 48
67 28 90
54 93 121
116 86 3
124 29 126
61 39 33
118 53 63
88 82 46
77 18 12
19 72 91
1 92 113
29 53 39
122 46 27
80 48 24
110 45 85
21 77 75
74 11 36
28 56 113
46 67 4
118 29 50
35 30 14
20 60 68
58 54 114
85 7 34
108 117 79
64 10 28
10 84 39
45 112 95
29 30 34
33 20 63
82 56 93
95 76 25
34 6 80
19 91 87
52 71 76
2 7 86
29 18 42
67 63 26
33 93 56
66 126 76
0 80 4
79 117 83
86 68 102
49 26 27
121 101 29
0 58 59
18 99 126
82 124 32
47 51 98
45 127 99
125 2 64
44 82 53
126 40 122
100 89 20
126 82 122
26 83 52
84 101 24
82 55 20
113 102 72
82 19 71
52 16 73
115 61 27
40 59 67
33 31 29
52 29 111
45 56 66
97 12 40
120 94 95
11 79 70
82 34 89
24 86 106
97 74 39
123 114 98
62 19 2
90 71 31
72 117 87
10 86 100
49 78 66
15 89 18
84 44 52
45 68 10
22 37 84
60 33 70
29 95 89
30 57 33
61 1 22
19 11 108
118 60 58
56 76 19
73 32 63
124 77 4
5 99 41
89 31 74
30 61 41
119 91 98
23 24 100
110 23 35
43 80 91
119 98 36
23 33 32
101 36 38
72 76 127
104 22 29
37 62 20
0 32 43
25 3 87
69 113 110
103 28 62
66 19 33
101 43 66
5 16 102
42 88 50
40 64 72
68 101 7
88 102 39
2 127 42
26 70 44
55 4 110
74 36 84
117 101 89
5 74 3
94 123 43
30 67 111
4 73 71
106 111 74
105 24 35
45 50 105
88 105 109
70 52 17
25 41 118
113 47 64
115 13 60
29 43 127
11 47 72
82 25 55
27 2 79
61 47 1
37 8 107
18 78 31
34 103 72
24 88 119
87 75 4
18 104 48
16 115 95
87 69 121
13 96 123
91 29 43
92 67 51
70 85 1
100 119 104
43 15 64
10 37 122
114 84 11
101 51 98
111 11 38
74 41 80
38 108 2
108 65 2
80 56 105
124 72 40
30 47 50
67 40 36
24 50 10
75 20 53
118 3 64
27 77 105
107 116 85
108 96 22
110 49 79
86 45 23
126 75 70
47 14 110
83 38 33
92 113 53
16 103 56
79 3 5
56 110 121
12 90 90
34 72 11
112 31 56
6 29 3
75 76 17
56 31 56
88 123 41
12 11 17
67 91 20
72 19 2
64 31 92
25 65 37
35 49 68
90 55 97
92 2 45
109 59 77
36 19 72
76 32 84
92 99 47
111 43 66
112 108 97
76 5 35
112 41 84
51 3 12
19 96 14
63 77 73
11 113 93
83 61 125
38 26 96
84 9 12
21 122 120
117 70 125
23 54 38
107 105 42
118 124 10
3 59 87
76 71 72
40 26 5
36 64 31
3 20 41
14 41 35
5 30 105
2 54 31
39 33 8
80 23 4
89 26 63
47 102 6
118 14 32
123 50 96
25 54 116
65 68 29
99 74 60
113 105 116
18 112 69
41 115 30
67 50 78
42 55 68
56 87 63
107 54 89
33 42 26
101 70 126
47 1 73
50 111 5
34 51 46
22 80 114
72 29 28
127 97 84
86 31 63
13 119 96
55 17 70
125 14 117
127 86 113
113 8 96
118 43 19
35 65 99
20 9 1
47 8 98
3 95 1
65 108 121
33 35 10
102 32 24
90 31 110
74 17 119
41 7 34
59 42 99
30 63 108
30 110 116
127 113 83
127 51 63
119 84 98
2 23 21
33 5 96
50 123 9
57 28 69
100 126 99
35 105 1
17 92 128
3 47 127
54 109 119
10 79 119
68 81 15
88 114 20
55 37 15
42 4 67
40 102 102
17 102 120
109 101 123
28 99 49
10 89 59
89 80 127
42 94 87
28 113 15
65 127 79
32 41 83
98 81 57
72 98 31
63 79 4
57 108 103
105 118 65
35 79 17
33 121 111
119 21 96
5 87 95
83 119 8
37 89 89
93 33 59
123 96 10
126 25 118
101 2 108
58 53 71
51 35 63
73 2 68
32 96 24
23 103 61
112 63 27
18 121 22
114 2 21
12 120 122
14 99 31
52 30 84
122 81 119
56 26 121
124 58 89
19 81 64
79 66 127
105 84 120
127 70 122
19 82 114
12 97 86
42 21 116
125 15 69
115 72 96
107 68 26
67 87 108
2 38 46
0 16 2
119 15 72
112 34 27
98 46 124
55 88 17
42 85 32
110 72 104
77 51 44
103 118 3
82 120 42
127 120 58
0 111 73
71 95 107
97 65 25
92 120 113
108 34 70
12 17 14
115 94 65
31 69 55
33 23 47
74 22 39
3 22 22
75 94 117
53 63 55
77 28 47
61 8 82
2 20 99
15 8 65
79 39 7
5 72 30
51 19 53
89 22 75
110 98 41
99 23 105
25 101 5
71 34 13
24 37 34
122 52 42
59 4 81
65 9 25
94 61 44
66 93 6
36 5 105
59 109 2
32 113 73
67 126 98
104 31 92
28 72 23
32 24 88
42 48 55
103 92 73
125 30 38
2 66 44
106 125 25
107 30 11
52 97 9
21 73 40
112 101 112
7 6 8
94 48 56
20 23 20
93 20 50
115 45 2
113 70 110
15 80 34
112 88 55
57 127 39
45 36 118
12 84 45
32 107 65
125 0 114
0 23 102
45 24 87
115 5 102
67 38 86
27 92 15
26 3 45
8 48 82
125 60 38
42 93 18
106 90 18
91 90 41
64 8 65
22 123 71
123 63 109
80 90 74
94 117 77
11 125 125
92 123 58
1 37 23
18 15 113
35 106 76
75 43 84
12 65 79
82 61 14
62 13 105
7 108 94
90 80 84
85 9 85
122 31 104
9 15 11
116 90 87
31 45 99
96 124 53
29 9 115
43 113 123
23 78 78
29 97 127
38 53 122
69 28 3
85 39 119
47 125 22
93 95 119
89 19 20
98 5 63
84 127 86
34 77 100
75 106 69
122 67 87
22 69 44
61 60 92
58 81 57
25 71 18
44 91 116
50 25 72
49 111 107
53 105 24
127 122 18
66 80 40
8 124 102
68 87 32
21 15 58
93 32 102
56 19 24
81 91 74
64 69 72
19 122 49
42 122 43
59 60 124
98 68 120
71 8 79
103 30 94
32 123 126
5 51 17
29 4 108
102 69 49
45 88 44
94 2 38
8 61 98
3 31 39
122 103 47
72 78 77
37 110 72
34 115 123
51 16 128
30 118 69
79 36 29
122 2 31
31 10 92
0 14 123
38 8 98
85 81 48
33 118 30
105 25 18
99 76 34
98 106 25
38 57 61
66 51 63
96 82 73
59 83 87
54 121 96
48 71 113
38 100 90
63 117 61
11 23 32
118 47 70
47 107 9
99 41 105
53 113 37
8 72 91
2 39 114
80 87 57
64 125 30
25 61 19
86 72 42
117 62 89
58 110 68
66 81 109
43 6 95
79 15 39
41 17 78
26 97 37
83 34 34
112 59 95
2 17 40
44 6 102
4 65 84
36 52 47
43 18 126
58 56 39
75 5 66
44 41 21
78 75 5
10 41 7
27 80 51
34 54 56
99 9 128
102 46 52
21 89 71
18 19 127
57 94 5
122 10 46
14 89 121
34 24 127
114 75 33
40 2 4
50 1 107
96 52 128
57 122 18
76 121 75
42 125 69
52 42 83
13 35 101
112 69 126
111 55 73
15 96 75
19 18 76
125 114 128
124 43 123
115 88 34
112 28 86
26 111 100
61 83 84
2 80 67
58 24 83
26 98 102
44 45 99
30 45 95
73 39 108
64 26 68
97 10 97
54 36 80
25 98 35
109 100 116
47 30 12
1 56 111
102 100 28
72 2 73
38 75 112
18 11 10
85 108 20
53 35 57
4 60 27
39 41 127
26 89 30
37 90 86
19 65 59
47 9 61
119 48 9
103 66 20
112 23 1
4 77 36
60 81 96
86 120 10
84 18 99
60 71 76
125 1 123
7 61 115
55 69 90
121 89 74
16 89 78
93 124 10
47 91 96
39 100 53
58 70 38
114 3 109
61 0 110
56 7 44
42 62 113
3 55 74
76 72 35
26 37 31
35 84 123
3 124 95
55 54 38
92 40 41
73 101 41
54 29 49
97 71 111
82 74 39
27 23 111
62 49 20
92 84 105
86 87 101
53 14 27
90 107 67
2 52 40
42 106 70
90 76 13
73 30 88
111 57 111
93 119 32
112 84 116
88 42 76
60 95 90
86 57 69
24 59 121
64 102 100
5 64 48
17 9 78
104 120 7
86 85 127
82 105 31
124 52 92
92 13 50
21 82 75
81 74 11
55 45 16
119 92 33
1 41 10
121 48 96
79 46 86
21 0 63
51 124 115
14 88 128
64 110 82
10 63 29
20 118 74
35 109 39
67 110 80
76 104 128
44 55 46
1 76 46
63 127 43
49 14 3
48 78 113
2 88 48
30 108 38
103 15 20
13 82 2
93 31 106
92 75 33
10 76 109
55 11 109
97 60 123
100 108 73
84 110 33
4 12 13
41 116 28
60 1 110
62 94 13
39 59 88
72 69 36
52 124 47
32 94 107
26 66 88
98 22 70
2 26 83
14 68 71
41 0 72
23 62 39
35 102 98
123 46 39
30 98 35
77 3 1
55 29 67
14 0 90
115 38 18
55 108 59
56 51 82
118 89 118
92 58 113
10 96 15
109 3 92
112 3 20
13 70 34
13 31 118
16 18 28
33 74 8
91 2 60
45 120 21
34 85 80
18 95 48
32 76 51
124 60 55
15 74 125
48 87 28
38 103 46
65 8 120
73 100 122
4 17 115
24 51 72
103 69 39
23 101 116
73 97 48
127 112 122
123 33 82
22 71 57
68 8 66
59 81 38
53 85 55
39 110 106
110 85 47
20 108 20
7 54 118
55 53 102
48 49 7
1 71 78
58 11 87
123 71 40
32 124 126
86 35 108
63 17 65
109 37 46
0 45 100
117 100 25
91 20 74
97 22 18
47 80 29
5 75 100
44 107 96
41 65 3
20 0 20
85 109 58
2 109 103
101 99 75
125 62 95
