-34.2
55
-11.7
18.4
-13.6
-47.4
-91.6
55.5
-60.9
1.4
83
-5.4
-24.8
-55.1
-28.3
90.6
65.7
-11.4
-38.3
-67.1
33.6
56.2
-29.9
-10.8
-46
26
-27.8
26
47.2
99.8
79.2
6.7
-60.3
-44.8
6.7
52.9
23
33.5
23.2
-92.1
64.6
19.7
-89.3
37.9
19.8
27.1
-69.4
0
33.5
-25.1
94.8
-69.3
-61.6
-85.7
38.2
-56.7
-39.6
-8
-35.9
32.5
-30.9
86
97.8
22.2
45.6
-26.1
27.4
-91.5
-79.7
-68.2
97.6
-86.3
40.7
-20.4
-61.9
-8
-76.2
12.2
-30.4
-44.6
34.8
6.1
-67.6
-72.6
-11
15.6
-64
43.8
38.5
-14.2
86.7
88.1
-93
34.8
-13.1
-56.9
-30.1
-17.6
-84.9
-41.5
-76.7
91.9
-45.3
40.4
-37.3
-76
54.3
14.3
-34.2
42.4
89.7
-22.2
-61.9
-35.7
25.3
10.8
-51.6
60.4
41
98.5
