340
358
1256
1537
1549
1724
1796
2029
2303
2347
2361
2385
2654
2904
3203
3637
4611
4940
5058
5236
5544
5735
5999
6372
6769
6914
7028
7284
8359
8397
8639
8814
9413
9596
9849
10714
10903
11218
11250
12370
12458
12781
12816
12883
13188
13370
14075
14558
15265
15284
15777
15924
16104
17037
17249
17310
17343
17412
17507
17557
17718
17940
18528
19080
19162
19245
19520
19699
20158
20184
20395
20505
20528
20563
20854
21651
21768
21841
22191
22283
22419
22683
22860
23510
23632
23972
23986
24138
24904
24971
25169
25310
25444
25480
26138
26164
26851
26886
26906
27107
27226
27319
27376
27471
27885
28140
28322
28752
30582
30731
31120
31461
31656
31964
32063
32374
32425
32583
32615
32797
33803
33890
34164
34180
34284
34385
34740
34760
35053
35549
35559
35716
35720
35743
35770
35871
35940
36012
36221
36444
36457
36615
37034
37352
37469
37938
38007
40251
40296
40504
40666
40717
40773
40881
41449
42011
42013
42321
42375
42746
42921
43050
43167
43405
43888
44173
44205
44980
45190
45411
46080
46421
46608
46624
46739
46843
46914
47031
47247
47254
47272
47355
47734
48057
48501
48750
48809
48988
49155
49240
49298
49409
50025
50059
50066
50263
50414
50554
50671
50722
50883
51410
51670
51830
52501
52571
53267
53271
53425
53581
53714
53765
53964
54213
54369
54669
54764
54977
55285
55486
55527
55743
56132
56220
56357
56733
56794
57021
57373
57492
57511
58563
58721
58731
58850
59048
59237
60463
60473
61170
61243
61442
61504
61778
62384
62784
63172
63205
63214
63501
63661
64099
64170
64259
64520
65325
